  nnod     Lon    Lat      Cost    hs      dir   
  74550  -87.713  25.669   0.000  1.14 123.27 
  74551  -87.680  25.669   0.047  1.15 123.84 
  74552  -87.646  25.669   0.093  1.15 124.42 
  74553  -87.613  25.669   0.140  1.16 125.00 
  74554  -87.580  25.669   0.186  1.16 125.38 
  74555  -87.546  25.669   0.233  1.16 125.63 
  74556  -87.513  25.669   0.279  1.16 125.88 
  74557  -87.480  25.669   0.326  1.17 126.13 
  74558  -87.446  25.669   0.372  1.17 126.38 
  74559  -87.413  25.669   0.419  1.17 126.63 
  74560  -87.380  25.669   0.465  1.17 126.87 
  74561  -87.346  25.669   0.512  1.12 128.70 
  74562  -87.313  25.669   0.558  1.12 129.05 
  74563  -87.280  25.669   0.605  1.12 129.40 
  74564  -87.246  25.669   0.651  1.12 129.75 
  74565  -87.213  25.669   0.698  1.12 130.10 
  74566  -87.180  25.669   0.744  1.12 130.42 
  74567  -87.146  25.669   0.791  1.11 130.72 
  74568  -87.113  25.669   0.837  1.11 131.01 
  74569  -87.080  25.669   0.884  1.11 131.31 
  74570  -87.046  25.669   0.930  1.10 131.60 
  74571  -87.013  25.669   0.977  1.10 131.90 
  74572  -86.980  25.669   1.023  1.10 132.11 
  74573  -86.946  25.669   1.070  1.10 132.26 
  74574  -86.913  25.669   1.116  1.09 132.41 
  74575  -86.880  25.669   1.163  1.09 132.56 
  74576  -86.846  25.669   1.209  1.09 132.71 
  74577  -86.813  25.669   1.256  1.08 132.86 
  74578  -86.780  25.669   1.302  1.08 133.03 
  74579  -86.746  25.669   1.349  1.08 133.21 
  74580  -86.713  25.669   1.395  1.07 133.39 
  74581  -86.680  25.669   1.442  1.07 133.57 
  74582  -86.646  25.669   1.488  1.07 133.77 
  74583  -86.613  25.669   1.535  0.99 136.28 
  74584  -86.580  25.669   1.581  0.99 136.54 
  74585  -86.546  25.669   1.628  0.99 136.81 
  74586  -86.513  25.669   1.674  0.99 137.18 
  74587  -86.480  25.669   1.721  0.99 137.62 
  74588  -86.446  25.669   1.767  0.99 138.07 
  74589  -86.413  25.669   1.814  0.99 138.51 
  74590  -86.380  25.669   1.860  0.99 138.81 
  74591  -86.346  25.669   1.907  0.99 139.01 
  74592  -86.313  25.669   1.953  0.99 139.35 
  74593  -86.280  25.669   2.000  0.99 139.80 
  74594  -86.246  25.669   2.046  0.99 140.25 
  74595  -86.213  25.669   2.093  1.00 140.70 
  74596  -86.180  25.669   2.139  1.00 140.98 
  74597  -86.146  25.669   2.186  1.00 141.15 
  74598  -86.113  25.669   2.232  1.01 141.32 
  74599  -86.080  25.669   2.279  1.01 141.49 
  74600  -86.046  25.669   2.325  1.01 141.62 
  74601  -86.013  25.669   2.372  1.01 141.73 
  74602  -85.980  25.669   2.418  1.01 141.74 
  74603  -85.946  25.669   2.465  1.01 141.67 
  74604  -85.913  25.669   2.511  0.95 143.03 
  74605  -85.880  25.669   2.558  0.95 142.89 
  74606  -85.846  25.669   2.604  0.95 142.86 
  74607  -85.813  25.669   2.651  0.95 142.88 
  74608  -85.780  25.669   2.697  0.95 142.85 
  74609  -85.746  25.669   2.744  0.95 142.79 
  74610  -85.713  25.669   2.790  0.95 142.69 
  74611  -85.680  25.669   2.837  0.95 142.55 
  74612  -85.646  25.669   2.883  0.95 142.41 
  74613  -85.613  25.669   2.930  0.95 142.27 
  74614  -85.580  25.669   2.976  0.95 141.87 
  74615  -85.546  25.669   3.023  0.94 141.30 
  74616  -85.513  25.669   3.069  0.94 140.72 
  74617  -85.480  25.669   3.116  0.94 140.15 
  74618  -85.446  25.669   3.162  0.94 139.70 
  74619  -85.413  25.669   3.209  0.93 139.30 
  74620  -85.380  25.669   3.256  0.93 138.66 
  74621  -85.346  25.669   3.302  0.93 137.88 
  74622  -85.313  25.669   3.349  0.92 137.09 
  74623  -85.280  25.669   3.395  0.92 136.30 
  74624  -85.246  25.669   3.442  0.91 135.51 
  74625  -85.213  25.669   3.488  0.91 134.71 
  74626  -85.180  25.669   3.535  0.80 134.63 
  74627  -85.146  25.669   3.581  0.79 134.09 
  74628  -85.113  25.669   3.628  0.77 133.51 
  74629  -85.080  25.669   3.674  0.76 132.90 
  74630  -85.046  25.669   3.721  0.75 132.29 
  74631  -85.013  25.669   3.767  0.74 131.68 
  74632  -84.980  25.669   3.814  0.73 131.32 
  74633  -84.946  25.669   3.860  0.72 131.13 
  74634  -84.913  25.669   3.907  0.71 130.94 
  74635  -84.880  25.669   3.953  0.70 130.74 
  74636  -84.846  25.669   4.000  0.69 130.70 
  74637  -84.813  25.669   4.046  0.67 130.71 
  74638  -84.780  25.669   4.093  0.66 130.64 
  74639  -84.746  25.669   4.139  0.66 130.51 
  74640  -84.713  25.669   4.186  0.65 130.43 
  74641  -84.680  25.669   4.232  0.64 130.38 
  74642  -84.646  25.669   4.279  0.64 130.33 
  74643  -84.613  25.669   4.325  0.63 130.28 
  74644  -84.580  25.669   4.372  0.62 130.11 
  74645  -84.546  25.669   4.418  0.62 129.86 
  74646  -84.513  25.669   4.465  0.62 129.62 
  74647  -84.480  25.669   4.511  0.55 131.40 
  74648  -84.446  25.669   4.558  0.55 131.17 
  74649  -84.413  25.669   4.604  0.55 130.92 
  74650  -84.380  25.669   4.651  0.54 130.85 
  74651  -84.346  25.669   4.697  0.53 130.91 
  74652  -84.313  25.669   4.744  0.53 130.78 
  74653  -84.280  25.669   4.790  0.52 130.49 
  74654  -84.246  25.669   4.837  0.52 130.20 
  74655  -84.213  25.669   4.883  0.51 129.91 
  74656  -84.180  25.669   4.930  0.51 129.93 
  74657  -84.146  25.669   4.976  0.50 130.15 
  74658  -84.113  25.669   5.023  0.50 130.32 
  74659  -84.080  25.669   5.069  0.49 130.45 
  74660  -84.046  25.669   5.116  0.48 130.57 
  74661  -84.013  25.669   5.162  0.48 130.69 
  74662  -83.980  25.669   5.209  0.47 130.80 
  74663  -83.946  25.669   5.255  0.47 130.90 
  74664  -83.913  25.669   5.302  0.46 131.00 
  74665  -83.880  25.669   5.348  0.46 131.10 
  74666  -83.846  25.669   5.395  0.45 131.26 
  74667  -83.813  25.669   5.441  0.45 131.43 
  74668  -83.780  25.669   5.488  0.44 131.69 
  74669  -83.746  25.669   5.534  0.39 133.87 
  74670  -83.713  25.669   5.581  0.38 134.03 
  74671  -83.680  25.669   5.627  0.38 134.19 
  74672  -83.646  25.669   5.674  0.37 134.09 
  74673  -83.613  25.669   5.720  0.37 133.88 
  74674  -83.580  25.669   5.767  0.37 133.53 
  74675  -83.546  25.669   5.813  0.36 133.11 
  74676  -83.513  25.669   5.860  0.36 132.94 
  74677  -83.480  25.669   5.906  0.36 133.00 
  74678  -83.446  25.669   5.953  0.35 133.06 
  74679  -83.413  25.669   5.999  0.35 133.12 
  74680  -83.380  25.669   6.046  0.34 133.07 
  74681  -83.346  25.669   6.092  0.34 132.95 
  74682  -83.313  25.669   6.139  0.33 132.83 
  74683  -83.280  25.669   6.185  0.33 132.71 
  74684  -83.246  25.669   6.232  0.33 132.13 
  74685  -83.213  25.669   6.278  0.32 131.34 
  74686  -83.180  25.669   6.325  0.32 130.84 
  74687  -83.146  25.669   6.371  0.32 130.51 
  74688  -83.113  25.669   6.418  0.31 130.18 
  74689  -83.080  25.669   6.465  0.31 129.85 
  74690  -83.046  25.669   6.511  0.31 114.26 
  74691  -83.013  25.669   6.558  0.30 111.32 
  74692  -82.980  25.669   6.604  0.30 107.41 
  74693  -82.946  25.669   6.651  0.30 102.63 
  74694  -82.913  25.669   6.697  0.30  99.38 
  74695  -82.880  25.669   6.744  0.29  97.68 
  74696  -82.846  25.669   6.790  0.29  96.02 
  74697  -82.813  25.669   6.837  0.29  94.38 
  74698  -82.780  25.669   6.883  0.28  90.84 
  74699  -82.746  25.669   6.930  0.28  85.45 
  74700  -82.713  25.669   6.976  0.28  81.54 
  74701  -82.680  25.669   7.023  0.28  79.51 
  72221  -82.546  25.636   7.216  0.26  84.36 
  69741  -82.413  25.603   7.409  0.24  89.75 
  67261  -82.280  25.569   7.602  0.22  80.25 
  64781  -82.146  25.536   7.795  0.21  88.83 
  62301  -82.013  25.503   7.988  0.20 107.62 
  59821  -81.880  25.469   8.182  0.18 142.39 
  57341  -81.746  25.436   8.375  0.17 140.73 
  54861  -81.613  25.403   8.569  0.17 143.35 
  52381  -81.480  25.369   8.762  0.16 146.30 
  49901  -81.346  25.336   8.956  0.15 148.86 
  47421  -81.213  25.303   9.149  0.13 149.21 
  44941  -81.080  25.269   9.343  0.13 146.68 
  42461  -80.946  25.236   9.536  0.15 143.62 
  39981  -80.813  25.203   9.730  0.20 138.05 
  37501  -80.680  25.169   9.924  0.27 131.09 
  37502  -80.646  25.169   9.971  0.29 129.84 
  37503  -80.613  25.169  10.017  0.31 128.87 
  37504  -80.580  25.169  10.064  0.33 128.22 
  37505  -80.546  25.169  10.111  0.35 127.21 
  37506  -80.513  25.169  10.157  0.36 126.03 
  37507  -80.480  25.169  10.204  0.38 124.85 
  37508  -80.446  25.169  10.251  0.39 123.67 
  37509  -80.413  25.169  10.298  0.41 122.49 
  37510  -80.380  25.169  10.344  0.43 121.49 
  37511  -80.346  25.169  10.391  0.46 120.59 
  37512  -80.313  25.169  10.438  0.49 119.69 
  44968  -80.180  25.269  10.680  0.52 115.63 
  47453  -80.146  25.303  10.750  0.52 115.33 
  49938  -80.113  25.336  10.819  0.52 115.00 
  52423  -80.080  25.369  10.889  0.51 114.59 
  54908  -80.046  25.403  10.958  0.50 114.21 
  57393  -80.013  25.436  11.028  0.49 113.45 
  59878  -79.980  25.469  11.097  0.49 112.76 
  62363  -79.946  25.503  11.167  0.48 112.86 
  64848  -79.913  25.536  11.237  0.47 112.38 
  67333  -79.880  25.569  11.306  0.47 110.80 
  69818  -79.846  25.603  11.375  0.46 109.25 
  72303  -79.813  25.636  11.445  0.46 107.37 
  74788  -79.780  25.669  11.514  0.43  94.72 
  77273  -79.746  25.703  11.584  0.43  95.35 
  79758  -79.713  25.736  11.653  0.43  94.88 
  82243  -79.680  25.769  11.723  0.42  92.38 
  84728  -79.646  25.803  11.792  0.41  90.09 
  87213  -79.613  25.836  11.862  0.41  88.60 
  89698  -79.580  25.869  11.931  0.41  85.65 
  92183  -79.546  25.903  12.000  0.41  82.72 
  94668  -79.513  25.936  12.070  0.41  79.79 
  97153  -79.480  25.969  12.139  0.41  76.88 
  99638  -79.446  26.003  12.209  0.40  74.16 
 102123  -79.413  26.036  12.278  0.40  73.20 
 104608  -79.380  26.069  12.347  0.40  72.66 
 107093  -79.346  26.103  12.417  0.40  72.42 
 109578  -79.313  26.136  12.486  0.39  72.18 
 112063  -79.280  26.169  12.555  0.38  69.18 
 114548  -79.246  26.203  12.625  0.37  69.49 
 117033  -79.213  26.236  12.694  0.37  69.94 
 119518  -79.180  26.269  12.763  0.37  71.79 
 122003  -79.146  26.303  12.833  0.36  74.62 
 124488  -79.113  26.336  12.902  0.36  77.47 
 126973  -79.080  26.369  12.971  0.35  80.34 
 129458  -79.046  26.403  13.041  0.35  83.49 
 131943  -79.013  26.436  13.110  0.34  90.08 
 134428  -78.980  26.469  13.179  0.33  97.73 
 136913  -78.946  26.503  13.248  0.32 106.20 
 139398  -78.913  26.536  13.318  0.31 113.19 
 141883  -78.880  26.569  13.387  0.30 117.59 
 144368  -78.846  26.603  13.456  0.29 121.13 
 146853  -78.813  26.636  13.525  0.31 145.95 
 149338  -78.780  26.669  13.594  0.31 129.59 
 151823  -78.746  26.703  13.664  0.32 104.80 
 154308  -78.713  26.736  13.733  0.33  81.13 
 156793  -78.680  26.769  13.802  0.33  64.28 
 159278  -78.646  26.803  13.871  0.34  54.20 
 161763  -78.613  26.836  13.940  0.35  55.09 
 164248  -78.580  26.869  14.009  0.37  59.86 
 166733  -78.546  26.903  14.079  0.39  73.14 
 169218  -78.513  26.936  14.148  0.41  80.96 
 171703  -78.480  26.969  14.217  0.43  64.99 
 174188  -78.446  27.003  14.286  0.44  58.08 
 176673  -78.413  27.036  14.355  0.46  58.30 
 179158  -78.380  27.069  14.424  0.48  58.32 
 181643  -78.346  27.103  14.493  0.50  58.22 
 184128  -78.313  27.136  14.562  0.53  53.65 
 186613  -78.280  27.169  14.631  0.64  53.89 
 189098  -78.246  27.203  14.700  0.74  54.14 
 191583  -78.213  27.236  14.770  0.82  54.39 
 194068  -78.180  27.269  14.839  0.90  54.54 
 196553  -78.146  27.303  14.908  0.98  54.62 
 199038  -78.113  27.336  14.977  1.04  54.78 
 201523  -78.080  27.369  15.046  1.06  55.10 
 204008  -78.046  27.403  15.115  1.08  55.42 
 206493  -78.013  27.436  15.184  1.09  55.76 
 208978  -77.980  27.469  15.253  1.09  56.01 
 211463  -77.946  27.503  15.322  1.10  56.31 
 213948  -77.913  27.536  15.391  1.10  56.55 
 216433  -77.880  27.569  15.460  1.11  56.70 
 218918  -77.846  27.603  15.528  1.23  52.81 
 221403  -77.813  27.636  15.597  1.23  52.92 
 223888  -77.780  27.669  15.666  1.24  52.95 
 226373  -77.746  27.703  15.735  1.24  52.97 
 228858  -77.713  27.736  15.804  1.25  53.01 
 231343  -77.680  27.769  15.873  1.25  53.10 
 233828  -77.646  27.803  15.942  1.25  53.19 
 236313  -77.613  27.836  16.011  1.25  53.28 
 238798  -77.580  27.869  16.080  1.26  53.37 
 241283  -77.546  27.903  16.149  1.26  53.46 
 243768  -77.513  27.936  16.217  1.27  53.58 
 251224  -77.380  28.036  16.457  1.28  53.72 
 258680  -77.246  28.136  16.696  1.44  46.61 
 266136  -77.113  28.236  16.934  1.49  45.21 
 273592  -76.980  28.336  17.173  1.53  43.58 
 281048  -76.846  28.436  17.412  1.56  42.02 
 288504  -76.713  28.536  17.650  1.89  41.53 
 295960  -76.580  28.636  17.889  1.89  40.90 
 303416  -76.446  28.736  18.127  1.88  39.87 
 310872  -76.313  28.836  18.365  1.89  38.69 
 318328  -76.180  28.936  18.603  1.87  39.43 
 325784  -76.046  29.036  18.841  1.85  39.54 
 333240  -75.913  29.136  19.078  1.84  39.65 
 340696  -75.780  29.236  19.316  1.84  39.96 
 348152  -75.646  29.336  19.553  1.92  40.30 
 355608  -75.513  29.436  19.791  1.96  40.87 
 363064  -75.380  29.536  20.028  2.00  41.59 
 370520  -75.246  29.636  20.265  2.03  42.21 
 377976  -75.113  29.736  20.502  2.20  41.36 
 385432  -74.980  29.836  20.738  2.22  40.30 
 392888  -74.846  29.936  20.975  2.23  38.12 
 400344  -74.713  30.036  21.212  2.23  36.00 
 407800  -74.580  30.136  21.448  2.25  34.63 
 415256  -74.446  30.236  21.684  2.30  33.89 
 422712  -74.313  30.336  21.920  2.31  33.17 
 430168  -74.180  30.436  22.156  2.33  32.88 
 437624  -74.046  30.536  22.392  2.34  32.37 
 445080  -73.913  30.636  22.628  2.38  32.67 
 452536  -73.780  30.736  22.863  2.40  31.88 
 459992  -73.646  30.836  23.098  2.42  30.88 
 467448  -73.513  30.936  23.334  2.44  30.10 
 474904  -73.380  31.036  23.569  2.30  31.03 
 482360  -73.246  31.136  23.804  2.30  29.60 
 489816  -73.113  31.236  24.039  2.30  28.38 
 497272  -72.980  31.336  24.273  2.31  27.13 
 504728  -72.846  31.436  24.508  2.15  24.92 
 512184  -72.713  31.536  24.742  2.18  22.72 
 519640  -72.580  31.636  24.976  2.22  20.08 
 527096  -72.446  31.736  25.211  2.26  17.68 
 534552  -72.313  31.836  25.445  2.29  16.21 
 542008  -72.180  31.936  25.678  2.21  14.05 
 549464  -72.046  32.036  25.912  2.22  13.10 
 556920  -71.913  32.136  26.146  2.24  11.88 
 564376  -71.780  32.236  26.379  2.25  10.73 
 571832  -71.646  32.336  26.612  2.24   9.69 
 579288  -71.513  32.436  26.845  2.27   8.35 
 586744  -71.380  32.536  27.078  2.30   6.57 
 594200  -71.246  32.636  27.311  2.33   4.78 
 601656  -71.113  32.736  27.544  2.17   1.60 
 609112  -70.980  32.836  27.776  2.20 359.37 
 616568  -70.846  32.936  28.009  2.23 357.34 
 624024  -70.713  33.036  28.241  2.25 355.15 
 631480  -70.580  33.136  28.473  2.28 352.97 
 638936  -70.446  33.236  28.705  2.20 352.53 
 646392  -70.313  33.336  28.937  2.24 350.91 
 653848  -70.180  33.436  29.169  2.30 349.22 
 661304  -70.046  33.536  29.400  2.36 347.69 
 668760  -69.913  33.636  29.631  2.28 349.15 
 676216  -69.780  33.736  29.863  2.32 347.87 
 683672  -69.646  33.836  30.094  2.37 346.61 
 688643  -69.546  33.903  30.258  2.40 345.96 
 693614  -69.446  33.969  30.423  2.43 345.76 
 698585  -69.346  34.036  30.588  2.37 347.97 
 703556  -69.246  34.103  30.753  2.40 346.85 
 711012  -69.113  34.203  30.983  2.45 345.02 
 718468  -68.980  34.303  31.214  2.53 341.80 
 723439  -68.880  34.369  31.382  2.59 339.92 
 728410  -68.780  34.436  31.551  2.58 337.04 
 733381  -68.680  34.503  31.719  2.62 336.76 
 738352  -68.580  34.569  31.888  2.67 336.54 
 743323  -68.480  34.636  32.056  2.72 336.03 
 748294  -68.380  34.703  32.224  2.77 335.63 
 753265  -68.280  34.769  32.392  2.82 335.37 
 758236  -68.180  34.836  32.560  2.81 336.00 
 763207  -68.080  34.903  32.728  2.83 336.55 
 768178  -67.980  34.969  32.896  2.83 336.45 
 773149  -67.880  35.036  33.064  2.83 335.77 
 778120  -67.780  35.103  33.232  2.83 334.59 
 783091  -67.680  35.169  33.399  2.83 332.44 
 788062  -67.580  35.236  33.567  2.81 333.89 
 793033  -67.480  35.303  33.734  2.88 331.62 
 798004  -67.380  35.369  33.901  2.95 329.71 
 802975  -67.280  35.436  34.069  3.06 329.14 
 807946  -67.180  35.503  34.236  3.15 329.84 
 812917  -67.080  35.569  34.403  3.22 331.10 
 817888  -66.980  35.636  34.570  3.33 339.25 
 822859  -66.880  35.703  34.737  3.35 340.95 
 827830  -66.780  35.769  34.904  3.35 342.69 
 832801  -66.680  35.836  35.071  3.33 343.50 
 837772  -66.580  35.903  35.237  3.31 343.52 
 842743  -66.480  35.969  35.404  3.28 342.53 
 847714  -66.380  36.036  35.571  2.86 344.01 
 852685  -66.280  36.103  35.737  2.83 341.62 
 857656  -66.180  36.169  35.903  2.83 338.90 
 862627  -66.080  36.236  36.070  2.84 337.12 
 867598  -65.980  36.303  36.236  2.86 335.53 
 872569  -65.880  36.369  36.402  2.88 334.76 
 877540  -65.780  36.436  36.568  2.67 336.13 
 882511  -65.680  36.503  36.734  2.66 334.75 
 887482  -65.580  36.569  36.900  2.65 332.80 
 892453  -65.480  36.636  37.066  2.66 330.44 
 897424  -65.380  36.703  37.231  2.68 328.11 
 902395  -65.280  36.769  37.397  2.71 325.56 
 907366  -65.180  36.836  37.562  2.49 325.75 
 912337  -65.080  36.903  37.728  2.54 325.23 
 917308  -64.980  36.969  37.893  2.59 324.81 
 922279  -64.880  37.036  38.058  2.65 325.16 
 927250  -64.780  37.103  38.224  2.70 325.56 
 932221  -64.680  37.169  38.389  2.75 326.45 
 937192  -64.580  37.236  38.554  2.60 329.73 
 942163  -64.480  37.303  38.719  2.65 330.87 
 947134  -64.380  37.369  38.883  2.70 331.27 
 952105  -64.280  37.436  39.048  2.73 331.75 
 957076  -64.180  37.503  39.213  2.77 332.04 
 962047  -64.080  37.569  39.377  2.79 332.27 
 967018  -63.980  37.636  39.542  2.72 333.41 
 971989  -63.880  37.703  39.706  2.74 333.34 
 976960  -63.780  37.769  39.871  2.74 333.71 
 981931  -63.680  37.836  40.035  2.73 333.47 
 986902  -63.580  37.903  40.199  2.71 333.14 
 991873  -63.480  37.969  40.363  2.69 332.57 
 994359  -63.413  38.003  40.462  2.67 331.99 
 996845  -63.346  38.036  40.561  2.43 327.23 
 999331  -63.280  38.069  40.659  2.43 326.24 
1001817  -63.213  38.103  40.758  2.42 325.57 
1004303  -63.146  38.136  40.857  2.41 325.00 
1006789  -63.080  38.169  40.956  2.40 324.45 
1009275  -63.013  38.203  41.053  2.39 323.93 
1011761  -62.946  38.236  41.149  2.38 323.54 
1014247  -62.880  38.269  41.245  2.37 323.15 
1016733  -62.813  38.303  41.341  2.35 322.83 
1019219  -62.746  38.336  41.437  2.33 322.68 
1021705  -62.680  38.369  41.533  2.53 321.57 
1024191  -62.613  38.403  41.629  2.52 321.42 
1026677  -62.546  38.436  41.725  2.51 321.35 
1029163  -62.480  38.469  41.821  2.51 321.29 
1031649  -62.413  38.503  41.917  2.50 321.04 
1034135  -62.346  38.536  42.013  2.50 321.36 
1036621  -62.280  38.569  42.108  2.49 321.82 
1039107  -62.213  38.603  42.204  2.49 322.30 
1041593  -62.146  38.636  42.300  2.47 322.80 
1044079  -62.080  38.669  42.395  2.45 323.37 
1046565  -62.013  38.703  42.491  2.43 323.94 
1049051  -61.946  38.736  42.587  2.25 325.02 
1051537  -61.880  38.769  42.682  2.25 325.17 
1054023  -61.813  38.803  42.778  2.24 325.31 
1056509  -61.746  38.836  42.873  2.23 324.86 
1058995  -61.680  38.869  42.969  2.22 324.29 
1061481  -61.613  38.903  43.064  2.21 323.73 
1063967  -61.546  38.936  43.160  2.20 323.22 
1066453  -61.480  38.969  43.255  2.19 322.71 
1068939  -61.413  39.003  43.351  2.18 322.20 
1071425  -61.346  39.036  43.446  2.17 322.02 
1073911  -61.280  39.069  43.541  1.98 319.96 
1076397  -61.213  39.103  43.637  1.98 319.61 
1078883  -61.146  39.136  43.732  1.98 319.30 
1081369  -61.080  39.169  43.827  1.96 318.98 
1083855  -61.013  39.203  43.922  1.94 318.68 
1086341  -60.946  39.236  44.017  1.92 318.28 
1088827  -60.880  39.269  44.113  1.90 317.81 
1091313  -60.813  39.303  44.208  1.89 317.03 
1093799  -60.746  39.336  44.303  1.87 316.25 
1096285  -60.680  39.369  44.398  1.85 315.26 
1098771  -60.613  39.403  44.493  1.84 314.26 
1101257  -60.546  39.436  44.588  1.78 311.08 
1103743  -60.480  39.469  44.683  1.78 309.74 
1106229  -60.413  39.503  44.778  1.77 308.39 
1108715  -60.346  39.536  44.872  1.78 307.08 
1111201  -60.280  39.569  44.967  1.77 305.80 
1113687  -60.213  39.603  45.062  1.77 304.55 
1116173  -60.146  39.636  45.157  1.78 303.80 
1118659  -60.080  39.669  45.252  1.78 303.12 
1121145  -60.013  39.703  45.346  1.79 302.44 
1123631  -59.946  39.736  45.441  1.80 302.12 
1126117  -59.880  39.769  45.536  1.88 303.29 
1128603  -59.813  39.803  45.630  1.89 302.89 
1131089  -59.746  39.836  45.725  1.90 302.46 
1133575  -59.680  39.869  45.819  1.92 302.12 
1136061  -59.613  39.903  45.914  1.93 301.78 
1138547  -59.546  39.936  46.008  1.95 301.47 
1141033  -59.480  39.969  46.103  1.97 301.16 
1143519  -59.413  40.003  46.197  1.99 300.89 
1146005  -59.346  40.036  46.292  2.01 301.58 
1148491  -59.280  40.069  46.386  2.02 302.38 
1150977  -59.213  40.103  46.480  2.04 302.61 
1153463  -59.146  40.136  46.575  2.13 305.48 
1155949  -59.080  40.169  46.669  2.13 305.40 
1158435  -59.013  40.203  46.763  2.14 305.36 
1160921  -58.946  40.236  46.857  2.14 305.47 
1163407  -58.880  40.269  46.951  2.14 305.60 
1165893  -58.813  40.303  47.046  2.15 305.74 
1168379  -58.746  40.336  47.140  2.15 306.02 
1170865  -58.680  40.369  47.234  2.15 306.34 
1173351  -58.613  40.403  47.328  2.15 306.63 
1175837  -58.546  40.436  47.422  2.14 306.51 
1178323  -58.480  40.469  47.516  2.12 310.38 
1180809  -58.413  40.503  47.610  2.12 310.35 
1183295  -58.346  40.536  47.704  2.12 310.09 
1185781  -58.280  40.569  47.797  2.11 309.87 
1188267  -58.213  40.603  47.891  2.11 309.63 
1190753  -58.146  40.636  47.985  2.10 309.03 
1193239  -58.080  40.669  48.079  2.10 308.35 
1195725  -58.013  40.703  48.173  2.09 307.67 
1198211  -57.946  40.736  48.266  2.09 306.87 
1200697  -57.880  40.769  48.360  2.08 306.16 
1203183  -57.813  40.803  48.454  2.08 305.40 
1205669  -57.746  40.836  48.547  2.17 310.65 
1208155  -57.680  40.869  48.641  2.17 309.70 
1210641  -57.613  40.903  48.734  2.16 308.60 
1213127  -57.546  40.936  48.828  2.16 307.82 
1215613  -57.480  40.969  48.921  2.16 307.13 
1218099  -57.413  41.003  49.015  2.16 306.43 
1220585  -57.346  41.036  49.108  2.16 306.10 
1223071  -57.280  41.069  49.201  2.16 305.82 
1225557  -57.213  41.103  49.295  2.15 305.53 
1228043  -57.146  41.136  49.388  2.15 305.24 
1230529  -57.080  41.169  49.481  2.15 304.64 
1233015  -57.013  41.203  49.575  2.27 312.19 
1235501  -56.946  41.236  49.668  2.26 311.28 
1237987  -56.880  41.269  49.761  2.26 310.33 
1240473  -56.813  41.303  49.854  2.26 308.95 
1242959  -56.746  41.336  49.947  2.25 307.44 
1245445  -56.680  41.369  50.040  2.25 305.21 
1247931  -56.613  41.403  50.133  2.25 302.95 
1250417  -56.546  41.436  50.226  2.25 301.81 
1252903  -56.480  41.469  50.319  2.25 300.73 
1255389  -56.413  41.503  50.412  2.25 299.65 
1257875  -56.346  41.536  50.505  2.21 306.11 
1260361  -56.280  41.569  50.598  2.21 306.06 
1262847  -56.213  41.603  50.691  2.20 306.06 
1265333  -56.146  41.636  50.784  2.18 305.25 
1267819  -56.080  41.669  50.877  2.16 304.40 
1270305  -56.013  41.703  50.969  2.15 303.08 
1272791  -55.946  41.736  51.062  2.14 301.57 
1275277  -55.880  41.769  51.155  2.12 300.03 
1277763  -55.813  41.803  51.247  2.11 298.49 
1280249  -55.746  41.836  51.340  2.10 296.93 
1282735  -55.680  41.869  51.433  2.09 295.36 
1285221  -55.613  41.903  51.525  1.97 300.23 
1287707  -55.546  41.936  51.618  1.97 298.74 
1290193  -55.480  41.969  51.710  1.96 297.46 
1292679  -55.413  42.003  51.803  1.95 296.20 
1295165  -55.346  42.036  51.895  1.94 295.01 
1297651  -55.280  42.069  51.987  1.94 293.85 
1300137  -55.213  42.103  52.080  1.92 292.54 
1302623  -55.146  42.136  52.172  1.92 290.95 
1305109  -55.080  42.169  52.264  1.91 289.77 
1307595  -55.013  42.203  52.357  1.90 288.63 
1310081  -54.946  42.236  52.449  1.89 287.24 
1312567  -54.880  42.269  52.541  1.72 289.23 
1315053  -54.813  42.303  52.633  1.72 287.65 
1317539  -54.746  42.336  52.725  1.71 286.07 
1320026  -54.646  42.369  52.851  1.71 283.87 
1322513  -54.546  42.403  52.976  1.70 281.72 
1325000  -54.446  42.436  53.102  1.70 279.69 
1327487  -54.346  42.469  53.227  1.69 277.83 
1329974  -54.246  42.503  53.352  1.69 276.11 
1332461  -54.146  42.536  53.477  1.68 274.62 
1334948  -54.046  42.569  53.603  1.62 285.50 
1337435  -53.946  42.603  53.728  1.63 285.73 
1339922  -53.846  42.636  53.853  1.65 286.50 
1342409  -53.746  42.669  53.978  1.66 287.54 
1344896  -53.646  42.703  54.103  1.67 289.08 
1347383  -53.546  42.736  54.228  1.68 291.01 
1349870  -53.446  42.769  54.352  1.68 292.48 
1352357  -53.346  42.803  54.477  1.68 293.97 
1354844  -53.246  42.836  54.602  1.58 304.66 
1357331  -53.146  42.869  54.727  1.58 303.19 
1359818  -53.046  42.903  54.851  1.59 301.75 
1362305  -52.946  42.936  54.976  1.60 300.67 
1364792  -52.846  42.969  55.100  1.60 299.88 
1367279  -52.746  43.003  55.225  1.60 299.39 
1369766  -52.646  43.036  55.349  1.60 299.89 
1372253  -52.546  43.069  55.473  1.61 299.53 
1374740  -52.446  43.103  55.598  1.53 307.33 
1377227  -52.346  43.136  55.722  1.53 307.08 
1379714  -52.246  43.169  55.846  1.54 306.47 
1382201  -52.146  43.203  55.970  1.55 305.78 
1384688  -52.046  43.236  56.094  1.56 305.67 
1387175  -51.946  43.269  56.218  1.57 305.52 
1389662  -51.846  43.303  56.342  1.58 305.66 
1392149  -51.746  43.336  56.466  1.59 306.00 
1394636  -51.646  43.369  56.590  1.61 324.32 
1397123  -51.546  43.403  56.714  1.63 324.70 
1399610  -51.446  43.436  56.837  1.65 325.02 
1402097  -51.346  43.469  56.961  1.67 325.25 
1404584  -51.246  43.503  57.084  1.68 325.45 
1407071  -51.146  43.536  57.208  1.70 325.70 
1409558  -51.046  43.569  57.332  1.71 325.94 
1412045  -50.946  43.603  57.455  1.73 326.13 
1414532  -50.846  43.636  57.578  1.75 341.62 
1417019  -50.746  43.669  57.702  1.77 341.48 
1419506  -50.646  43.703  57.825  1.79 341.28 
1421993  -50.546  43.736  57.948  1.81 341.02 
1424480  -50.446  43.769  58.071  1.83 340.74 
1426967  -50.346  43.803  58.194  1.85 340.41 
1429454  -50.246  43.836  58.317  1.87 339.89 
1431941  -50.146  43.869  58.440  1.88 339.35 
1434428  -50.046  43.903  58.563  1.98 344.84 
1436915  -49.946  43.936  58.686  1.99 344.18 
1439402  -49.846  43.969  58.809  2.01 343.54 
1441889  -49.746  44.003  58.932  2.02 342.88 
1444376  -49.646  44.036  59.054  2.03 342.22 
1446863  -49.546  44.069  59.177  2.04 341.66 
1449350  -49.446  44.103  59.300  2.05 341.14 
1451837  -49.346  44.136  59.422  2.05 340.42 
1454324  -49.246  44.169  59.545  2.05 342.26 
1456811  -49.146  44.203  59.667  2.07 341.01 
1459298  -49.046  44.236  59.789  2.08 339.94 
1461785  -48.946  44.269  59.912  2.10 338.82 
1464272  -48.846  44.303  60.034  2.13 337.87 
1466759  -48.746  44.336  60.156  2.16 337.22 
1469246  -48.646  44.369  60.278  2.18 336.33 
1471733  -48.546  44.403  60.400  2.20 335.66 
1474220  -48.446  44.436  60.522  2.15 335.13 
1476707  -48.346  44.469  60.644  2.18 334.51 
1479194  -48.246  44.503  60.766  2.20 334.23 
1481681  -48.146  44.536  60.888  2.22 334.08 
1484168  -48.046  44.569  61.010  2.23 333.72 
1486655  -47.946  44.603  61.131  2.25 333.63 
1489142  -47.846  44.636  61.253  2.26 333.80 
1491629  -47.746  44.669  61.375  2.26 333.58 
1494116  -47.646  44.703  61.496  2.27 333.40 
1496603  -47.546  44.736  61.618  2.14 332.88 
1499090  -47.446  44.769  61.739  2.13 332.03 
1501577  -47.346  44.803  61.861  2.11 330.86 
1504064  -47.246  44.836  61.982  2.10 329.18 
1506551  -47.146  44.869  62.103  2.09 327.15 
1509038  -47.046  44.903  62.224  2.07 324.97 
1511525  -46.946  44.936  62.346  2.07 322.95 
1514012  -46.846  44.969  62.467  2.06 321.03 
1516499  -46.746  45.003  62.588  2.04 320.30 
1518986  -46.646  45.036  62.709  2.04 319.54 
1521473  -46.546  45.069  62.830  2.03 319.08 
1523960  -46.446  45.103  62.950  2.03 318.73 
1526447  -46.346  45.136  63.071  2.03 318.37 
1528934  -46.246  45.169  63.192  2.03 318.31 
1531421  -46.146  45.203  63.313  2.02 318.28 
1533908  -46.046  45.236  63.433  2.01 318.09 
1536395  -45.946  45.269  63.554  1.88 321.48 
1538882  -45.846  45.303  63.674  1.88 322.01 
1541369  -45.746  45.336  63.795  1.88 322.64 
1543856  -45.646  45.369  63.915  1.87 323.39 
1546343  -45.546  45.403  64.036  1.86 323.72 
1548830  -45.446  45.436  64.156  1.84 323.39 
1551317  -45.346  45.469  64.276  1.82 322.96 
1553804  -45.246  45.503  64.396  1.79 322.02 
1556291  -45.146  45.536  64.516  1.69 324.31 
1558779  -45.013  45.569  64.670  1.68 322.89 
1561267  -44.880  45.603  64.823  1.68 321.37 
1563755  -44.746  45.636  64.977  1.68 319.36 
1566243  -44.613  45.669  65.130  1.69 318.01 
1568731  -44.480  45.703  65.283  1.69 317.47 
1571219  -44.346  45.736  65.436  1.70 318.03 
1573707  -44.213  45.769  65.589  1.70 322.17 
1576195  -44.080  45.803  65.742  1.72 322.59 
1578683  -43.946  45.836  65.895  1.72 323.42 
1581171  -43.813  45.869  66.047  1.73 324.44 
1583659  -43.680  45.903  66.200  1.73 326.34 
1586147  -43.546  45.936  66.353  1.72 328.25 
1588635  -43.413  45.969  66.505  1.65 333.02 
1591123  -43.280  46.003  66.658  1.64 334.13 
1593611  -43.146  46.036  66.810  1.62 335.08 
1596099  -43.013  46.069  66.962  1.60 335.77 
1598587  -42.880  46.103  67.114  1.59 336.35 
1601075  -42.746  46.136  67.266  1.57 336.60 
1603563  -42.613  46.169  67.418  1.57 336.23 
1606051  -42.480  46.203  67.570  1.45 345.22 
1608539  -42.346  46.236  67.722  1.46 340.97 
1611027  -42.213  46.269  67.874  1.48 335.79 
1613515  -42.080  46.303  68.026  1.50 325.97 
1616003  -41.946  46.336  68.177  1.52 319.72 
1618491  -41.813  46.369  68.329  1.56 314.09 
1620979  -41.680  46.403  68.480  1.59 311.93 
1623467  -41.546  46.436  68.632  1.64 331.98 
1625955  -41.413  46.469  68.783  1.67 332.34 
1628443  -41.280  46.503  68.934  1.70 333.23 
1630931  -41.146  46.536  69.085  1.72 333.27 
1633419  -41.013  46.569  69.236  1.74 332.97 
1635907  -40.880  46.603  69.387  1.75 331.68 
1638395  -40.746  46.636  69.538  1.95 341.39 
1640883  -40.613  46.669  69.689  1.95 340.03 
1643371  -40.480  46.703  69.839  1.95 338.53 
1645859  -40.346  46.736  69.990  1.95 336.87 
1648347  -40.213  46.769  70.141  1.95 335.44 
1650835  -40.080  46.803  70.291  1.95 334.03 
1653323  -39.946  46.836  70.441  1.94 332.65 
1655811  -39.813  46.869  70.592  1.93 339.64 
1658299  -39.680  46.903  70.742  1.93 338.45 
1660787  -39.546  46.936  70.892  1.92 337.31 
1663275  -39.413  46.969  71.042  1.92 336.13 
1665763  -39.280  47.003  71.192  1.91 335.01 
1668251  -39.146  47.036  71.342  1.90 333.76 
1670739  -39.013  47.069  71.492  1.90 332.62 
1673227  -38.880  47.103  71.641  1.86 337.33 
1675715  -38.746  47.136  71.791  1.87 336.46 
1678203  -38.613  47.169  71.941  1.87 335.38 
1680691  -38.480  47.203  72.090  1.87 334.07 
1683179  -38.346  47.236  72.239  1.88 332.68 
1685667  -38.213  47.269  72.389  1.89 331.27 
1688155  -38.080  47.303  72.538  1.87 335.63 
1690643  -37.946  47.336  72.687  1.88 334.22 
1693131  -37.813  47.369  72.836  1.89 332.85 
1695619  -37.680  47.403  72.985  1.91 331.25 
1698107  -37.546  47.436  73.134  1.92 329.37 
1700595  -37.413  47.469  73.283  1.93 327.20 
1703083  -37.280  47.503  73.431  1.95 325.04 
1705571  -37.146  47.536  73.580  1.95 326.91 
1708059  -37.013  47.569  73.729  1.99 325.37 
1710547  -36.880  47.603  73.877  2.04 325.31 
1713035  -36.746  47.636  74.026  2.08 325.53 
1715523  -36.613  47.669  74.174  2.10 325.73 
1718011  -36.480  47.703  74.322  2.10 325.52 
1720499  -36.346  47.736  74.470  2.10 324.83 
1722987  -36.213  47.769  74.618  1.93 329.75 
1725475  -36.080  47.803  74.766  1.92 328.28 
1727963  -35.946  47.836  74.914  1.91 326.89 
1730451  -35.813  47.869  75.062  1.90 325.61 
1732939  -35.680  47.903  75.210  1.89 324.41 
1735427  -35.546  47.936  75.357  1.88 323.08 
1737915  -35.413  47.969  75.505  1.67 326.31 
1740403  -35.280  48.003  75.652  1.67 324.61 
1742891  -35.146  48.036  75.800  1.66 322.77 
1745379  -35.013  48.069  75.947  1.65 320.80 
1747867  -34.880  48.103  76.094  1.65 319.39 
1750355  -34.746  48.136  76.241  1.65 317.84 
1752843  -34.613  48.169  76.388  1.65 316.47 
1755331  -34.480  48.203  76.535  1.53 327.39 
1757819  -34.346  48.236  76.682  1.54 326.46 
1760307  -34.213  48.269  76.829  1.55 325.73 
1762795  -34.080  48.303  76.976  1.56 324.99 
1765283  -33.946  48.336  77.122  1.56 324.53 
1767771  -33.813  48.369  77.269  1.57 324.22 
1770259  -33.680  48.403  77.415  1.58 323.86 
1772747  -33.546  48.436  77.562  1.67 339.18 
1775235  -33.413  48.469  77.708  1.70 338.92 
1777723  -33.280  48.503  77.854  1.72 338.84 
1780211  -33.146  48.536  78.000  1.72 339.13 
1782699  -33.013  48.569  78.146  1.72 339.41 
1785187  -32.880  48.603  78.292  1.68 339.04 
1787675  -32.746  48.636  78.438  1.65 338.65 
1790163  -32.613  48.669  78.584  1.77 359.12 
1792651  -32.480  48.703  78.730  1.75  16.19 
1795139  -32.346  48.736  78.875  1.74  42.70 
1797627  -32.213  48.769  79.021  1.76  97.19 
1800115  -32.080  48.803  79.166  1.81 117.06 
1802603  -31.946  48.836  79.312  1.86 130.16 
1805091  -31.813  48.869  79.457  1.90 139.74 
1807579  -31.680  48.903  79.602  1.77 140.96 
1810067  -31.546  48.936  79.747  1.78 142.94 
1812555  -31.413  48.969  79.892  1.78 145.19 
1815043  -31.280  49.003  80.037  1.80 147.30 
1817531  -31.146  49.036  80.182  1.82 149.26 
1820019  -31.013  49.069  80.327  1.86 151.02 
1822507  -30.880  49.103  80.472  1.89 152.28 
1824995  -30.746  49.136  80.616  1.95 148.27 
1827483  -30.613  49.169  80.761  1.98 149.35 
1829971  -30.480  49.203  80.905  2.02 150.78 
1832459  -30.346  49.236  81.049  2.05 152.25 
1834947  -30.213  49.269  81.194  2.09 153.57 
1837435  -30.080  49.303  81.338  2.12 154.56 
1839923  -29.946  49.336  81.482  2.14 155.49 
1842411  -29.813  49.369  81.626  2.36 153.56 
1844899  -29.680  49.403  81.770  2.37 154.13 
1847387  -29.546  49.436  81.914  2.38 154.85 
1849875  -29.413  49.469  82.058  2.39 155.58 
1852363  -29.280  49.503  82.201  2.41 156.51 
1854851  -29.146  49.536  82.345  2.42 157.37 
1857339  -29.013  49.569  82.488  2.44 158.06 
1859827  -28.880  49.603  82.632  2.58 158.52 
1862315  -28.746  49.636  82.775  2.59 158.32 
1862316  -28.713  49.636  82.808  2.59 158.33 
1862317  -28.680  49.636  82.842  2.60 158.34 
1862318  -28.646  49.636  82.875  2.60 158.35 
1862319  -28.613  49.636  82.909  2.60 158.50 
1862320  -28.580  49.636  82.942  2.60 158.68 
1862321  -28.546  49.636  82.976  2.61 158.85 
1862322  -28.513  49.636  83.009  2.61 159.03 
1862323  -28.480  49.636  83.043  2.62 159.20 
1862324  -28.446  49.636  83.078  2.62 159.38 
1862325  -28.413  49.636  83.112  2.63 159.56 
1862326  -28.380  49.636  83.146  2.63 159.72 
1862327  -28.346  49.636  83.181  2.64 159.87 
1862328  -28.313  49.636  83.215  2.64 160.03 
1862329  -28.280  49.636  83.249  2.65 160.18 
1862330  -28.246  49.636  83.284  2.65 160.33 
1862331  -28.213  49.636  83.318  2.66 160.47 
1862332  -28.180  49.636  83.352  2.66 160.71 
1862333  -28.146  49.636  83.386  2.67 160.94 
1862334  -28.113  49.636  83.421  2.68 161.10 
1862335  -28.080  49.636  83.455  2.68 161.26 
1862336  -28.046  49.636  83.489  2.69 161.42 
1862337  -28.013  49.636  83.524  2.78 161.17 
1862338  -27.980  49.636  83.558  2.79 161.34 
1862339  -27.946  49.636  83.592  2.80 161.52 
1862340  -27.913  49.636  83.626  2.80 161.70 
1862341  -27.880  49.636  83.661  2.81 161.88 
1862342  -27.846  49.636  83.695  2.82 162.06 
1862343  -27.813  49.636  83.729  2.83 162.27 
1862344  -27.780  49.636  83.764  2.83 162.47 
1862345  -27.746  49.636  83.798  2.84 162.66 
1862346  -27.713  49.636  83.832  2.85 162.87 
1862347  -27.680  49.636  83.867  2.86 163.08 
1862348  -27.646  49.636  83.901  2.87 163.28 
1862349  -27.613  49.636  83.935  2.88 163.49 
1862350  -27.580  49.636  83.969  2.89 163.70 
1862351  -27.546  49.636  84.004  2.90 163.92 
1862352  -27.513  49.636  84.038  2.91 164.14 
1862353  -27.480  49.636  84.072  2.92 164.36 
1862354  -27.446  49.636  84.107  2.93 164.58 
1862355  -27.413  49.636  84.141  2.94 164.79 
1862356  -27.380  49.636  84.175  2.95 165.01 
1862357  -27.346  49.636  84.209  2.96 165.22 
1862358  -27.313  49.636  84.244  2.98 165.44 
1862359  -27.280  49.636  84.278  2.99 165.66 
1862360  -27.246  49.636  84.312  3.00 165.89 
1862361  -27.213  49.636  84.347  3.01 166.11 
1862362  -27.180  49.636  84.381  3.02 166.32 
1862363  -27.146  49.636  84.415  3.04 166.53 
1862364  -27.113  49.636  84.450  3.05 166.74 
1862365  -27.080  49.636  84.484  3.06 166.95 
1862366  -27.046  49.636  84.518  3.01 172.22 
1862367  -27.013  49.636  84.552  3.02 172.46 
1862368  -26.980  49.636  84.587  3.03 172.73 
1862369  -26.946  49.636  84.621  3.04 172.99 
1862370  -26.913  49.636  84.655  3.05 173.22 
1862371  -26.880  49.636  84.690  3.06 173.46 
1862372  -26.846  49.636  84.724  3.07 173.70 
1862373  -26.813  49.636  84.758  3.08 173.93 
1862374  -26.780  49.636  84.792  3.10 174.19 
1862375  -26.746  49.636  84.827  3.11 174.46 
1862376  -26.713  49.636  84.861  3.12 174.73 
1862377  -26.680  49.636  84.895  3.13 175.00 
1862378  -26.646  49.636  84.930  3.14 175.27 
1862379  -26.613  49.636  84.964  3.15 175.56 
1862380  -26.580  49.636  84.998  3.16 175.84 
1862381  -26.546  49.636  85.033  3.17 176.13 
1862382  -26.513  49.636  85.067  3.18 176.43 
1862383  -26.480  49.636  85.101  3.19 176.72 
1862384  -26.446  49.636  85.135  3.20 177.02 
1862385  -26.413  49.636  85.170  3.21 177.31 
1862386  -26.380  49.636  85.204  3.22 177.62 
1862387  -26.346  49.636  85.238  3.23 177.94 
1862388  -26.313  49.636  85.273  3.24 178.26 
1862389  -26.280  49.636  85.307  3.25 178.58 
1862390  -26.246  49.636  85.341  3.26 178.89 
1862391  -26.213  49.636  85.375  3.27 179.15 
1862392  -26.180  49.636  85.410  3.29 179.37 
1862393  -26.146  49.636  85.444  3.29 179.63 
1862394  -26.113  49.636  85.478  3.30 179.93 
1862395  -26.080  49.636  85.513  3.44 193.87 
1862396  -26.046  49.636  85.547  3.45 194.10 
1862397  -26.013  49.636  85.581  3.45 194.34 
1862398  -25.980  49.636  85.616  3.46 194.54 
1862399  -25.946  49.636  85.650  3.47 194.74 
1862400  -25.913  49.636  85.684  3.47 194.94 
1862401  -25.880  49.636  85.718  3.48 195.14 
1862402  -25.846  49.636  85.753  3.49 195.34 
1862403  -25.813  49.636  85.787  3.49 195.54 
1862404  -25.780  49.636  85.821  3.50 195.71 
1862405  -25.746  49.636  85.856  3.51 195.87 
1862406  -25.713  49.636  85.890  3.51 196.02 
1862407  -25.680  49.636  85.924  3.52 196.18 
1862408  -25.646  49.636  85.958  3.53 196.33 
1862409  -25.613  49.636  85.993  3.53 196.51 
1862410  -25.580  49.636  86.027  3.54 196.69 
1862411  -25.546  49.636  86.061  3.55 196.89 
1862412  -25.513  49.636  86.096  3.55 197.10 
1862413  -25.480  49.636  86.130  3.56 197.31 
1862414  -25.446  49.636  86.164  3.57 197.53 
1862415  -25.413  49.636  86.199  3.57 197.74 
1862416  -25.380  49.636  86.233  3.58 197.97 
1862417  -25.346  49.636  86.267  3.59 198.20 
1862418  -25.313  49.636  86.301  3.59 198.44 
1862419  -25.280  49.636  86.336  3.60 198.68 
1862420  -25.246  49.636  86.370  3.60 198.92 
1862421  -25.213  49.636  86.404  3.61 199.17 
1862422  -25.180  49.636  86.439  3.61 199.43 
1862423  -25.146  49.636  86.473  3.62 199.70 
1862424  -25.113  49.636  86.507  3.44 205.95 
1862425  -25.080  49.636  86.542  3.45 206.20 
1862426  -25.046  49.636  86.576  3.45 206.46 
1862427  -25.013  49.636  86.610  3.46 206.71 
1862428  -24.980  49.636  86.644  3.47 206.94 
1862429  -24.946  49.636  86.679  3.48 207.16 
1862430  -24.913  49.636  86.713  3.48 207.38 
1862431  -24.880  49.636  86.747  3.49 207.61 
1862432  -24.846  49.636  86.782  3.50 207.83 
1862433  -24.813  49.636  86.816  3.51 208.06 
1862434  -24.780  49.636  86.850  3.52 208.26 
1862435  -24.746  49.636  86.884  3.52 208.45 
1862436  -24.713  49.636  86.919  3.53 208.65 
1862437  -24.680  49.636  86.953  3.54 208.84 
1862438  -24.646  49.636  86.987  3.55 209.03 
1862439  -24.613  49.636  87.022  3.56 209.22 
1862440  -24.580  49.636  87.056  3.57 209.39 
1862441  -24.546  49.636  87.090  3.57 209.54 
1862442  -24.513  49.636  87.125  3.58 209.68 
1862443  -24.480  49.636  87.159  3.59 209.82 
1862444  -24.446  49.636  87.193  3.60 209.95 
1862445  -24.413  49.636  87.227  3.61 210.09 
1862446  -24.380  49.636  87.262  3.62 210.20 
1862447  -24.346  49.636  87.296  3.63 210.28 
1862448  -24.313  49.636  87.330  3.64 210.36 
1862449  -24.280  49.636  87.365  3.65 210.45 
1862450  -24.246  49.636  87.399  3.66 210.53 
1862451  -24.213  49.636  87.433  3.66 210.66 
1862452  -24.180  49.636  87.467  3.67 210.76 
1862453  -24.146  49.636  87.502  3.35 213.58 
1862454  -24.113  49.636  87.536  3.36 213.66 
1862455  -24.080  49.636  87.570  3.36 213.73 
1862456  -24.046  49.636  87.605  3.37 213.81 
1862457  -24.013  49.636  87.639  3.38 213.91 
1862458  -23.980  49.636  87.673  3.39 214.01 
1862459  -23.946  49.636  87.708  3.39 214.07 
1862460  -23.913  49.636  87.742  3.40 214.10 
1862461  -23.880  49.636  87.776  3.41 214.12 
1862462  -23.846  49.636  87.810  3.41 214.15 
1862463  -23.813  49.636  87.845  3.42 214.18 
1862464  -23.780  49.636  87.879  3.42 214.20 
1862465  -23.746  49.636  87.913  3.43 214.22 
1862466  -23.713  49.636  87.948  3.43 214.24 
1862467  -23.680  49.636  87.982  3.44 214.26 
1862468  -23.646  49.636  88.016  3.44 214.28 
1862469  -23.613  49.636  88.050  3.45 214.31 
1862470  -23.580  49.636  88.085  3.45 214.38 
1862471  -23.546  49.636  88.119  3.46 214.42 
1862472  -23.513  49.636  88.153  3.46 214.43 
1862473  -23.480  49.636  88.188  3.46 214.44 
1862474  -23.446  49.636  88.222  3.47 214.45 
1862475  -23.413  49.636  88.256  3.47 214.46 
1862476  -23.380  49.636  88.291  3.47 214.45 
1862477  -23.346  49.636  88.325  3.47 214.44 
1862478  -23.313  49.636  88.359  3.48 214.42 
1862479  -23.280  49.636  88.393  3.48 214.41 
1862480  -23.246  49.636  88.428  3.48 214.39 
1862481  -23.213  49.636  88.462  3.48 214.45 
1862482  -23.180  49.636  88.496  3.49 214.52 
1862483  -23.146  49.636  88.531  3.17 215.69 
1862484  -23.113  49.636  88.565  3.17 215.71 
1862485  -23.080  49.636  88.599  3.17 215.73 
1862486  -23.046  49.636  88.633  3.17 215.75 
1862487  -23.013  49.636  88.668  3.17 215.77 
1862488  -22.980  49.636  88.702  3.17 215.84 
1862489  -22.946  49.636  88.736  3.17 215.88 
1862490  -22.913  49.636  88.771  3.17 215.86 
1862491  -22.880  49.636  88.805  3.17 215.84 
1862492  -22.846  49.636  88.839  3.17 215.83 
1862493  -22.813  49.636  88.874  3.17 215.81 
1862494  -22.780  49.636  88.908  3.17 215.85 
1862495  -22.746  49.636  88.942  3.16 215.97 
1862496  -22.713  49.636  88.976  3.16 216.13 
1862497  -22.680  49.636  89.011  3.15 216.29 
1862498  -22.646  49.636  89.045  3.15 216.44 
1862499  -22.613  49.636  89.079  3.14 216.60 
1862500  -22.580  49.636  89.114  3.14 216.72 
1862501  -22.546  49.636  89.148  3.14 216.81 
1862502  -22.513  49.636  89.182  3.13 216.90 
1862503  -22.480  49.636  89.216  3.13 217.00 
1862504  -22.446  49.636  89.251  3.13 217.09 
1862505  -22.413  49.636  89.285  3.12 217.11 
1862506  -22.380  49.636  89.319  3.12 217.11 
1862507  -22.346  49.636  89.354  3.12 217.14 
1862508  -22.313  49.636  89.388  3.12 217.16 
1862509  -22.280  49.636  89.422  3.12 217.18 
1862510  -22.246  49.636  89.457  3.11 217.21 
1862511  -22.213  49.636  89.491  3.11 217.26 
1862512  -22.180  49.636  89.525  2.88 215.20 
1862513  -22.146  49.636  89.559  2.87 215.30 
1862514  -22.113  49.636  89.594  2.87 215.42 
1862515  -22.080  49.636  89.628  2.87 215.55 
1862516  -22.046  49.636  89.662  2.86 215.68 
1862517  -22.013  49.636  89.697  2.86 215.81 
1862518  -21.980  49.636  89.731  2.86 215.95 
1862519  -21.946  49.636  89.765  2.85 216.10 
1862520  -21.913  49.636  89.799  2.85 216.26 
1862521  -21.880  49.636  89.834  2.84 216.41 
1862522  -21.846  49.636  89.868  2.84 216.56 
1862523  -21.813  49.636  89.902  2.83 216.63 
1862524  -21.780  49.636  89.937  2.83 216.72 
1862525  -21.746  49.636  89.971  2.82 216.88 
1862526  -21.713  49.636  90.005  2.82 217.06 
1862527  -21.680  49.636  90.040  2.81 217.23 
1862528  -21.646  49.636  90.074  2.81 217.41 
1862529  -21.613  49.636  90.108  2.80 217.58 
1862530  -21.580  49.636  90.142  2.80 217.82 
1862531  -21.546  49.636  90.177  2.79 218.04 
1862532  -21.513  49.636  90.211  2.79 218.22 
1862533  -21.480  49.636  90.245  2.78 218.39 
1862534  -21.446  49.636  90.280  2.78 218.56 
1862535  -21.413  49.636  90.314  2.77 218.74 
1862536  -21.380  49.636  90.348  2.77 218.94 
1862537  -21.346  49.636  90.382  2.77 219.14 
1862538  -21.313  49.636  90.417  2.76 219.33 
1862539  -21.280  49.636  90.451  2.76 219.52 
1862540  -21.246  49.636  90.485  2.76 219.70 
1862541  -21.213  49.636  90.520  2.74 215.40 
1862542  -21.180  49.636  90.554  2.73 215.71 
1862543  -21.146  49.636  90.588  2.72 216.02 
1862544  -21.113  49.636  90.623  2.72 216.34 
1862545  -21.080  49.636  90.657  2.71 216.65 
1862546  -21.046  49.636  90.691  2.70 216.96 
1862547  -21.013  49.636  90.725  2.69 217.26 
1862548  -20.980  49.636  90.760  2.69 217.52 
1862549  -20.946  49.636  90.794  2.69 217.76 
1862550  -20.913  49.636  90.828  2.68 218.00 
1862551  -20.880  49.636  90.863  2.68 218.25 
1862552  -20.846  49.636  90.897  2.68 218.49 
1862553  -20.813  49.636  90.931  2.67 218.71 
1862554  -20.780  49.636  90.965  2.67 218.92 
1862555  -20.746  49.636  91.000  2.66 219.14 
1862556  -20.713  49.636  91.034  2.66 219.36 
1862557  -20.680  49.636  91.068  2.66 219.57 
1862558  -20.646  49.636  91.103  2.66 219.79 
1862559  -20.613  49.636  91.137  2.66 220.01 
1862560  -20.580  49.636  91.171  2.66 220.22 
1862561  -20.546  49.636  91.206  2.66 220.42 
1862562  -20.513  49.636  91.240  2.66 220.62 
1862563  -20.480  49.636  91.274  2.66 220.82 
1862564  -20.446  49.636  91.308  2.66 221.03 
1862565  -20.413  49.636  91.343  2.65 221.23 
1862566  -20.380  49.636  91.377  2.65 221.43 
1862567  -20.346  49.636  91.411  2.65 221.61 
1862568  -20.313  49.636  91.446  2.65 221.78 
1862569  -20.280  49.636  91.480  2.65 221.94 
1862570  -20.246  49.636  91.514  2.64 218.58 
1862571  -20.213  49.636  91.548  2.63 218.75 
1862572  -20.180  49.636  91.583  2.63 218.92 
1862573  -20.146  49.636  91.617  2.62 219.10 
1862574  -20.113  49.636  91.651  2.62 219.28 
1862575  -20.080  49.636  91.686  2.62 219.46 
1862576  -20.046  49.636  91.720  2.62 219.64 
1862577  -20.013  49.636  91.754  2.62 219.82 
1862578  -19.980  49.636  91.789  2.62 219.99 
1862579  -19.946  49.636  91.823  2.61 220.17 
1862580  -19.913  49.636  91.857  2.61 220.35 
1862581  -19.880  49.636  91.891  2.61 220.53 
1862582  -19.846  49.636  91.926  2.61 220.71 
1862583  -19.813  49.636  91.960  2.61 220.89 
1862584  -19.780  49.636  91.994  2.60 221.01 
1862585  -19.746  49.636  92.029  2.60 221.11 
1862586  -19.713  49.636  92.063  2.60 221.23 
1862587  -19.680  49.636  92.097  2.60 221.36 
1862588  -19.646  49.636  92.132  2.60 221.48 
1862589  -19.613  49.636  92.166  2.60 221.61 
1862590  -19.580  49.636  92.200  2.60 221.72 
1862591  -19.546  49.636  92.234  2.60 221.81 
1862592  -19.513  49.636  92.269  2.60 221.91 
1862593  -19.480  49.636  92.303  2.60 222.01 
1862594  -19.446  49.636  92.337  2.60 222.11 
1862595  -19.413  49.636  92.372  2.59 222.19 
1862596  -19.380  49.636  92.406  2.59 222.27 
1862597  -19.346  49.636  92.440  2.59 222.38 
1862598  -19.313  49.636  92.474  2.59 222.53 
1862599  -19.280  49.636  92.509  2.60 220.92 
1862600  -19.246  49.636  92.543  2.59 221.11 
1862601  -19.213  49.636  92.577  2.58 221.30 
1862602  -19.180  49.636  92.612  2.57 221.46 
1862603  -19.146  49.636  92.646  2.57 221.60 
1862604  -19.113  49.636  92.680  2.56 221.74 
1862605  -19.080  49.636  92.715  2.55 221.88 
1862606  -19.046  49.636  92.749  2.55 222.02 
1862607  -19.013  49.636  92.783  2.54 222.14 
1862608  -18.980  49.636  92.817  2.53 222.24 
1862609  -18.946  49.636  92.852  2.53 222.34 
1862610  -18.913  49.636  92.886  2.52 222.44 
1862611  -18.880  49.636  92.920  2.52 222.55 
1862612  -18.846  49.636  92.955  2.51 222.65 
1862613  -18.813  49.636  92.989  2.51 222.75 
1862614  -18.780  49.636  93.023  2.50 222.86 
1862615  -18.746  49.636  93.057  2.50 222.96 
1862616  -18.713  49.636  93.090  2.49 223.06 
1862617  -18.680  49.636  93.123  2.49 223.16 
1862618  -18.646  49.636  93.157  2.48 223.26 
1862619  -18.613  49.636  93.190  2.48 223.34 
1862620  -18.580  49.636  93.224  2.47 223.48 
1862621  -18.546  49.636  93.257  2.47 223.65 
1862622  -18.513  49.636  93.291  2.46 223.81 
1862623  -18.480  49.636  93.324  2.46 223.96 
1862624  -18.446  49.636  93.357  2.45 224.11 
1862625  -18.413  49.636  93.391  2.45 224.27 
1862626  -18.380  49.636  93.424  2.44 224.46 
1862627  -18.346  49.636  93.458  2.43 224.67 
1862628  -18.313  49.636  93.491  2.43 224.89 
1862629  -18.280  49.636  93.524  2.49 222.87 
1862630  -18.246  49.636  93.558  2.48 223.05 
1862631  -18.213  49.636  93.591  2.47 223.21 
1862632  -18.180  49.636  93.625  2.45 223.40 
1862633  -18.146  49.636  93.658  2.45 223.61 
1862634  -18.113  49.636  93.692  2.44 223.83 
1862635  -18.080  49.636  93.725  2.43 224.05 
1862636  -18.046  49.636  93.758  2.42 224.28 
1862637  -18.013  49.636  93.792  2.41 224.50 
1862638  -17.980  49.636  93.825  2.40 224.67 
1862639  -17.946  49.636  93.859  2.39 224.86 
1862640  -17.913  49.636  93.892  2.39 225.08 
1862641  -17.880  49.636  93.925  2.38 225.31 
1862642  -17.846  49.636  93.959  2.37 225.53 
1862643  -17.813  49.636  93.992  2.36 225.75 
1862644  -17.780  49.636  94.026  2.35 225.97 
1862645  -17.746  49.636  94.059  2.34 226.19 
1862646  -17.713  49.636  94.093  2.34 226.41 
1862647  -17.680  49.636  94.126  2.33 226.62 
1862648  -17.646  49.636  94.159  2.32 226.84 
1862649  -17.613  49.636  94.193  2.31 227.02 
1862650  -17.580  49.636  94.226  2.30 227.21 
1862651  -17.546  49.636  94.260  2.29 227.42 
1862652  -17.513  49.636  94.293  2.29 227.61 
1862653  -17.480  49.636  94.326  2.28 227.80 
1862654  -17.446  49.636  94.360  2.28 227.99 
1862655  -17.413  49.636  94.393  2.27 228.19 
1862656  -17.380  49.636  94.427  2.27 228.43 
1862657  -17.346  49.636  94.460  2.26 228.64 
1862658  -17.313  49.636  94.494  2.25 228.81 
1862659  -17.280  49.636  94.527  2.35 227.46 
1862660  -17.246  49.636  94.560  2.35 227.54 
1862661  -17.213  49.636  94.594  2.34 227.61 
1862662  -17.180  49.636  94.627  2.33 227.73 
1862663  -17.146  49.636  94.661  2.32 227.82 
1862664  -17.113  49.636  94.694  2.32 227.85 
1862665  -17.080  49.636  94.727  2.31 227.89 
1862666  -17.046  49.636  94.761  2.30 227.93 
1862667  -17.013  49.636  94.794  2.30 227.96 
1862668  -16.980  49.636  94.828  2.29 228.02 
1862669  -16.946  49.636  94.861  2.28 228.08 
1862670  -16.913  49.636  94.895  2.27 228.13 
1862671  -16.880  49.636  94.928  2.27 228.17 
1862672  -16.846  49.636  94.961  2.26 228.22 
1862673  -16.813  49.636  94.995  2.25 228.27 
1862674  -16.780  49.636  95.028  2.24 228.33 
1862675  -16.746  49.636  95.062  2.23 228.40 
1862676  -16.713  49.636  95.095  2.23 228.46 
1862677  -16.680  49.636  95.128  2.22 228.53 
1862678  -16.646  49.636  95.162  2.21 228.60 
1862679  -16.613  49.636  95.195  2.21 228.65 
1862680  -16.580  49.636  95.229  2.20 228.69 
1862681  -16.546  49.636  95.262  2.19 228.78 
1862682  -16.513  49.636  95.296  2.19 228.91 
1862683  -16.480  49.636  95.329  2.18 229.05 
1862684  -16.446  49.636  95.362  2.17 229.19 
1862685  -16.413  49.636  95.396  2.17 229.33 
1862686  -16.380  49.636  95.429  2.16 229.47 
1862687  -16.346  49.636  95.463  2.16 229.62 
1862688  -16.313  49.636  95.496  2.15 229.77 
1862689  -16.280  49.636  95.530  2.30 229.39 
1862690  -16.246  49.636  95.563  2.30 229.47 
1862691  -16.213  49.636  95.596  2.29 229.47 
1862692  -16.180  49.636  95.630  2.28 229.46 
1862693  -16.146  49.636  95.663  2.28 229.52 
1862694  -16.113  49.636  95.697  2.27 229.62 
1862695  -16.080  49.636  95.730  2.26 229.72 
1862696  -16.046  49.636  95.763  2.26 229.82 
1862697  -16.013  49.636  95.797  2.25 229.92 
1862698  -15.980  49.636  95.830  2.24 230.02 
1862699  -15.946  49.636  95.864  2.24 230.11 
1862700  -15.913  49.636  95.897  2.23 230.21 
1862701  -15.880  49.636  95.931  2.22 230.30 
1862702  -15.846  49.636  95.964  2.22 230.40 
1862703  -15.813  49.636  95.997  2.21 230.47 
1862704  -15.780  49.636  96.031  2.20 230.52 
1862705  -15.746  49.636  96.064  2.20 230.57 
1862706  -15.713  49.636  96.098  2.19 230.61 
1862707  -15.680  49.636  96.131  2.19 230.66 
1862708  -15.646  49.636  96.164  2.18 230.70 
1862709  -15.613  49.636  96.198  2.18 230.74 
1862710  -15.580  49.636  96.231  2.17 230.76 
1862711  -15.546  49.636  96.265  2.17 230.76 
1862712  -15.513  49.636  96.298  2.17 230.77 
1862713  -15.480  49.636  96.332  2.16 230.77 
1862714  -15.446  49.636  96.365  2.16 230.77 
1862715  -15.413  49.636  96.398  2.16 230.80 
1862716  -15.380  49.636  96.432  2.15 230.80 
1862717  -15.346  49.636  96.465  2.15 230.77 
1862718  -15.313  49.636  96.499  2.14 230.74 
1862719  -15.280  49.636  96.532  2.19 230.38 
1862720  -15.246  49.636  96.565  2.18 230.37 
1862721  -15.213  49.636  96.599  2.17 230.37 
1862722  -15.180  49.636  96.632  2.17 230.36 
1862723  -15.146  49.636  96.666  2.16 230.34 
1862724  -15.113  49.636  96.699  2.16 230.32 
1862725  -15.080  49.636  96.733  2.15 230.30 
1862726  -15.046  49.636  96.766  2.15 230.28 
1862727  -15.013  49.636  96.799  2.14 230.28 
1862728  -14.980  49.636  96.833  2.14 230.26 
1862729  -14.946  49.636  96.866  2.13 230.23 
1862730  -14.913  49.636  96.900  2.13 230.20 
1862731  -14.880  49.636  96.933  2.12 230.16 
1862732  -14.846  49.636  96.966  2.12 230.13 
1862733  -14.813  49.636  97.000  2.11 230.13 
1862734  -14.780  49.636  97.033  2.11 230.14 
1862735  -14.746  49.636  97.067  2.11 230.13 
1862736  -14.713  49.636  97.100  2.10 230.09 
1862737  -14.680  49.636  97.134  2.10 230.06 
1862738  -14.646  49.636  97.167  2.10 230.03 
1862739  -14.613  49.636  97.200  2.09 230.00 
1862740  -14.580  49.636  97.234  2.09 230.05 
1862741  -14.546  49.636  97.267  2.09 230.09 
1862742  -14.513  49.636  97.301  2.09 230.07 
1862743  -14.480  49.636  97.334  2.09 230.05 
1862744  -14.446  49.636  97.368  2.08 230.03 
1862745  -14.413  49.636  97.401  2.08 230.01 
1862746  -14.380  49.636  97.434  2.08 230.00 
1862747  -14.346  49.636  97.468  2.08 230.00 
1862748  -14.313  49.636  97.501  2.26 225.82 
1862749  -14.280  49.636  97.535  2.26 225.85 
1862750  -14.246  49.636  97.568  2.25 225.87 
1862751  -14.213  49.636  97.601  2.25 225.98 
1862752  -14.180  49.636  97.635  2.24 226.04 
1862753  -14.146  49.636  97.668  2.24 226.03 
1862754  -14.113  49.636  97.702  2.23 226.00 
1862755  -14.080  49.636  97.735  2.23 225.97 
1862756  -14.046  49.636  97.769  2.22 225.94 
1862757  -14.013  49.636  97.802  2.22 225.91 
1862758  -13.980  49.636  97.835  2.22 225.89 
1862759  -13.946  49.636  97.869  2.21 225.87 
1862760  -13.913  49.636  97.902  2.21 225.86 
1862761  -13.880  49.636  97.936  2.21 225.84 
1862762  -13.846  49.636  97.969  2.20 225.82 
1862763  -13.813  49.636  98.002  2.20 225.81 
1862764  -13.780  49.636  98.036  2.19 225.81 
1862765  -13.746  49.636  98.069  2.19 225.83 
1862766  -13.713  49.636  98.103  2.18 225.85 
1862767  -13.680  49.636  98.136  2.18 225.87 
1862768  -13.646  49.636  98.170  2.17 225.89 
1862769  -13.613  49.636  98.203  2.17 225.90 
1862770  -13.580  49.636  98.236  2.16 225.97 
1862771  -13.546  49.636  98.270  2.16 226.09 
1862772  -13.513  49.636  98.303  2.15 226.23 
1862773  -13.480  49.636  98.337  2.14 226.36 
1862774  -13.446  49.636  98.370  2.13 226.50 
1862775  -13.413  49.636  98.403  2.12 226.64 
1862776  -13.380  49.636  98.437  2.11 226.80 
1862777  -13.346  49.636  98.470  2.11 226.98 
1862778  -13.313  49.636  98.504  2.34 225.03 
1862779  -13.280  49.636  98.537  2.33 225.12 
1862780  -13.246  49.636  98.571  2.32 225.21 
1862781  -13.213  49.636  98.604  2.31 225.28 
1862782  -13.180  49.636  98.637  2.30 225.36 
1862783  -13.146  49.636  98.671  2.30 225.48 
1862784  -13.113  49.636  98.704  2.29 225.60 
1862785  -13.080  49.636  98.738  2.28 225.72 
1862786  -13.046  49.636  98.771  2.27 225.84 
1862787  -13.013  49.636  98.804  2.26 225.96 
1862788  -12.980  49.636  98.838  2.25 226.09 
1862789  -12.946  49.636  98.871  2.25 226.23 
1862790  -12.913  49.636  98.905  2.24 226.39 
1862791  -12.880  49.636  98.938  2.23 226.54 
1862792  -12.846  49.636  98.972  2.22 226.70 
1862793  -12.813  49.636  99.005  2.21 226.85 
1862794  -12.780  49.636  99.038  2.20 227.00 
1862795  -12.746  49.636  99.072  2.19 227.16 
1862796  -12.713  49.636  99.105  2.18 227.34 
1862797  -12.680  49.636  99.139  2.17 227.52 
1862798  -12.646  49.636  99.172  2.16 227.69 
1862799  -12.613  49.636  99.206  2.15 227.87 
1862800  -12.580  49.636  99.239  2.14 228.06 
1862801  -12.546  49.636  99.272  2.13 228.26 
1862802  -12.513  49.636  99.306  2.12 228.46 
1862803  -12.480  49.636  99.339  2.11 228.65 
1862804  -12.446  49.636  99.373  2.10 228.85 
1862805  -12.413  49.636  99.406  2.09 229.01 
1862806  -12.380  49.636  99.439  2.08 229.19 
1862807  -12.346  49.636  99.473  2.07 229.38 
1862808  -12.313  49.636  99.506  2.33 228.27 
1862809  -12.280  49.636  99.540  2.32 228.41 
1862810  -12.246  49.636  99.573  2.31 228.54 
1862811  -12.213  49.636  99.607  2.30 228.66 
1862812  -12.180  49.636  99.640  2.29 228.76 
1862813  -12.146  49.636  99.673  2.28 228.90 
1862814  -12.113  49.636  99.707  2.27 229.06 
1862815  -12.080  49.636  99.740  2.26 229.21 
1862816  -12.046  49.636  99.774  2.25 229.37 
1862817  -12.013  49.636  99.807  2.24 229.53 
1862818  -11.980  49.636  99.840  2.23 229.67 
1862819  -11.946  49.636  99.874  2.21 229.83 
1862820  -11.913  49.636  99.907  2.20 230.00 
1862821  -11.880  49.636  99.941  2.19 230.17 
1862822  -11.846  49.636  99.974  2.18 230.34 
1862823  -11.813  49.636 100.008  2.17 230.51 
1862824  -11.780  49.636 100.041  2.16 230.68 
1862825  -11.746  49.636 100.074  2.14 230.85 
1862826  -11.713  49.636 100.108  2.13 231.01 
1862827  -11.680  49.636 100.141  2.12 231.18 
1862828  -11.646  49.636 100.175  2.11 231.34 
1862829  -11.613  49.636 100.208  2.10 231.51 
1862830  -11.580  49.636 100.241  2.09 231.67 
1862831  -11.546  49.636 100.275  2.08 231.83 
1862832  -11.513  49.636 100.308  2.07 231.98 
1862833  -11.480  49.636 100.342  2.06 232.14 
1862834  -11.446  49.636 100.375  2.05 232.30 
1862835  -11.413  49.636 100.409  2.04 232.46 
1862836  -11.380  49.636 100.442  2.03 232.61 
1862837  -11.346  49.636 100.475  2.01 232.75 
1862838  -11.313  49.636 100.509  2.39 234.67 
1862839  -11.280  49.636 100.542  2.37 234.71 
1862840  -11.246  49.636 100.576  2.36 234.74 
1862841  -11.213  49.636 100.609  2.35 234.78 
1862842  -11.180  49.636 100.642  2.34 234.81 
1862843  -11.146  49.636 100.676  2.33 234.84 
1862844  -11.113  49.636 100.709  2.32 234.86 
1862845  -11.080  49.636 100.743  2.30 234.89 
1862846  -11.046  49.636 100.776  2.29 234.91 
1862847  -11.013  49.636 100.810  2.28 234.81 
1862848  -10.980  49.636 100.843  2.26 234.65 
1862849  -10.946  49.636 100.876  2.25 234.58 
1862850  -10.913  49.636 100.910  2.24 234.58 
1862851  -10.880  49.636 100.943  2.22 234.59 
1862852  -10.846  49.636 100.977  2.21 234.59 
1862853  -10.813  49.636 101.010  2.20 234.60 
1862854  -10.780  49.636 101.043  2.19 234.66 
1862855  -10.746  49.636 101.077  2.17 234.75 
1862856  -10.713  49.636 101.110  2.16 234.85 
1862857  -10.680  49.636 101.144  2.15 234.95 
1862858  -10.646  49.636 101.177  2.13 235.05 
1862859  -10.613  49.636 101.211  2.12 235.15 
1862860  -10.580  49.636 101.244  2.11 235.24 
1862861  -10.546  49.636 101.277  2.10 235.31 
1862862  -10.513  49.636 101.311  2.09 235.38 
1862863  -10.480  49.636 101.344  2.07 235.45 
1862864  -10.446  49.636 101.378  2.06 235.52 
1862865  -10.413  49.636 101.411  2.05 235.64 
1862866  -10.380  49.636 101.445  2.04 235.76 
1862867  -10.346  49.636 101.478  2.03 235.83 
1862868  -10.313  49.636 101.511  2.25 240.11 
1862869  -10.280  49.636 101.545  2.23 240.09 
1862870  -10.246  49.636 101.578  2.22 240.08 
1862871  -10.213  49.636 101.612  2.21 240.06 
1862872  -10.180  49.636 101.645  2.20 240.02 
1862873  -10.146  49.636 101.678  2.19 239.98 
1862874  -10.113  49.636 101.712  2.18 239.93 
1862875  -10.080  49.636 101.745  2.17 239.88 
1862876  -10.046  49.636 101.779  2.16 239.84 
1862877  -10.013  49.636 101.812  2.15 239.78 
1862878   -9.980  49.636 101.846  2.14 239.73 
1862879   -9.946  49.636 101.879  2.12 239.69 
1862880   -9.913  49.636 101.912  2.11 239.65 
1862881   -9.880  49.636 101.946  2.10 239.61 
1862882   -9.846  49.636 101.979  2.09 239.56 
1862883   -9.813  49.636 102.013  2.08 239.52 
1862884   -9.780  49.636 102.046  2.07 239.49 
1862885   -9.746  49.636 102.079  2.06 239.47 
1862886   -9.713  49.636 102.113  2.05 239.45 
1862887   -9.680  49.636 102.146  2.04 239.43 
1862888   -9.646  49.636 102.180  2.03 239.41 
1862889   -9.613  49.636 102.213  2.03 239.38 
1862890   -9.580  49.636 102.247  2.01 239.37 
1862891   -9.546  49.636 102.280  2.00 239.39 
1862892   -9.513  49.636 102.313  1.99 239.42 
1862893   -9.480  49.636 102.347  1.98 239.46 
1862894   -9.446  49.636 102.380  1.97 239.49 
1862895   -9.413  49.636 102.414  1.96 239.52 
1862896   -9.380  49.636 102.447  1.95 239.58 
1862897   -9.346  49.636 102.480  1.94 239.64 
1862898   -9.313  49.636 102.514  2.27 244.28 
1862899   -9.280  49.636 102.547  2.26 244.27 
1862900   -9.246  49.636 102.581  2.25 244.25 
1862901   -9.213  49.636 102.614  2.24 244.25 
1862902   -9.180  49.636 102.648  2.23 244.25 
1862903   -9.146  49.636 102.681  2.22 244.26 
1862904   -9.113  49.636 102.714  2.21 244.26 
1862905   -9.080  49.636 102.748  2.20 244.26 
1862906   -9.046  49.636 102.781  2.19 244.26 
1862907   -9.013  49.636 102.815  2.18 244.26 
1862908   -8.980  49.636 102.848  2.16 244.28 
1862909   -8.946  49.636 102.881  2.15 244.30 
1862910   -8.913  49.636 102.915  2.14 244.33 
1862911   -8.880  49.636 102.948  2.12 244.35 
1862912   -8.846  49.636 102.982  2.11 244.37 
1862913   -8.813  49.636 103.015  2.10 244.40 
1862914   -8.780  49.636 103.049  2.08 244.43 
1862915   -8.746  49.636 103.082  2.07 244.47 
1862916   -8.713  49.636 103.115  2.06 244.51 
1862917   -8.680  49.636 103.149  2.05 244.55 
1862918   -8.646  49.636 103.182  2.04 244.58 
1862919   -8.613  49.636 103.216  2.02 244.62 
1862920   -8.580  49.636 103.249  2.01 244.67 
1862921   -8.546  49.636 103.283  2.00 244.74 
1862922   -8.513  49.636 103.316  1.98 244.80 
1862923   -8.480  49.636 103.349  1.97 244.87 
1862924   -8.446  49.636 103.383  1.96 244.93 
1862925   -8.413  49.636 103.416  1.94 245.00 
1862926   -8.380  49.636 103.450  1.93 245.05 
1862927   -8.346  49.636 103.483  1.92 245.09 
1862928   -8.313  49.636 103.516  2.14 250.79 
1862929   -8.280  49.636 103.550  2.13 250.82 
1862930   -8.246  49.636 103.583  2.11 250.85 
1862931   -8.213  49.636 103.617  2.10 250.88 
1862932   -8.180  49.636 103.650  2.09 250.90 
1862933   -8.146  49.636 103.684  2.08 250.93 
1862934   -8.113  49.636 103.717  2.07 250.96 
1862935   -8.080  49.636 103.750  2.06 251.00 
1862936   -8.046  49.636 103.784  2.04 251.03 
1862937   -8.013  49.636 103.817  2.03 251.06 
1862938   -7.980  49.636 103.851  2.02 251.11 
1862939   -7.946  49.636 103.884  2.01 251.15 
1862940   -7.913  49.636 103.917  1.99 251.20 
1862941   -7.880  49.636 103.951  1.98 251.25 
1862942   -7.846  49.636 103.984  1.97 251.30 
1862943   -7.813  49.636 104.018  1.95 251.32 
1862944   -7.780  49.636 104.051  1.94 251.34 
1862945   -7.746  49.636 104.085  1.93 251.36 
1862946   -7.713  49.636 104.118  1.92 251.40 
1862947   -7.680  49.636 104.151  1.91 251.43 
1862948   -7.646  49.636 104.185  1.90 251.47 
1862949   -7.613  49.636 104.218  1.89 251.50 
1862950   -7.580  49.636 104.252  1.88 251.53 
1862951   -7.546  49.636 104.285  1.87 251.55 
1862952   -7.513  49.636 104.318  1.86 251.57 
1862953   -7.480  49.636 104.352  1.85 251.59 
1862954   -7.446  49.636 104.385  1.84 251.61 
1862955   -7.413  49.636 104.419  1.83 251.64 
1862956   -7.380  49.636 104.452  1.82 251.68 
1862957   -7.346  49.636 104.486  1.82 251.75 
1862958   -7.313  49.636 104.519  2.00 256.80 
1862959   -7.280  49.636 104.552  1.99 256.83 
1862960   -7.246  49.636 104.586  1.98 256.87 
1862961   -7.213  49.636 104.619  1.97 256.90 
1862962   -7.180  49.636 104.653  1.96 256.93 
1862963   -7.146  49.636 104.686  1.96 256.95 
1862964   -7.113  49.636 104.719  1.95 256.98 
1862965   -7.080  49.636 104.753  1.94 257.01 
1862966   -7.046  49.636 104.786  1.93 257.04 
1862967   -7.013  49.636 104.820  1.92 257.07 
1862968   -6.980  49.636 104.853  1.91 257.10 
