  nnod     Lon    Lat      Cost    hs      dir   
  18090  -41.241  25.669   0.000  1.25 100.07 
  19295  -41.208  25.736   0.116  1.24  99.99 
  20500  -41.174  25.803   0.231  1.24  99.88 
  21705  -41.141  25.869   0.346  1.23  99.87 
  22910  -41.108  25.936   0.462  1.22  99.85 
  24115  -41.074  26.003   0.577  1.16 102.65 
  25320  -41.041  26.069   0.693  1.16 102.27 
  26525  -41.008  26.136   0.808  1.16 102.06 
  27730  -40.974  26.203   0.923  1.16 101.91 
  28935  -40.941  26.269   1.038  1.15 102.19 
  30140  -40.908  26.336   1.153  1.14 102.41 
  31345  -40.874  26.403   1.268  1.13 102.62 
  32550  -40.841  26.469   1.383  1.14 102.46 
  33755  -40.808  26.536   1.498  1.14 102.03 
  34960  -40.774  26.603   1.613  1.15  93.71 
  36165  -40.741  26.669   1.728  1.15  92.86 
  37370  -40.708  26.736   1.843  1.15  92.03 
  38575  -40.674  26.803   1.958  1.14  91.19 
  39780  -40.641  26.869   2.073  1.14  89.98 
  40985  -40.608  26.936   2.189  1.14  88.64 
  42190  -40.574  27.003   2.304  1.14  87.25 
  43395  -40.541  27.069   2.420  1.13  85.35 
  44600  -40.508  27.136   2.535  1.15  72.29 
  45805  -40.474  27.203   2.651  1.14  69.17 
  47010  -40.441  27.269   2.766  1.14  64.72 
  48215  -40.408  27.336   2.882  1.14  59.79 
  49420  -40.374  27.403   2.998  1.14  54.82 
  50625  -40.341  27.469   3.115  1.14  48.16 
  51830  -40.308  27.536   3.232  1.14  41.40 
  53035  -40.274  27.603   3.349  1.13  34.50 
  54240  -40.241  27.669   3.467  1.13  27.22 
  56048  -40.174  27.769   3.654  1.14 359.30 
  57856  -40.108  27.869   3.839  1.14 352.93 
  59664  -40.041  27.969   4.025  1.13 347.39 
  61472  -39.974  28.069   4.209  1.13 342.49 
  63280  -39.908  28.169   4.393  1.13 337.93 
  65088  -39.841  28.269   4.577  1.12 328.45 
  66896  -39.774  28.369   4.760  1.12 326.87 
  68704  -39.708  28.469   4.944  1.12 325.41 
  70512  -39.641  28.569   5.127  1.11 323.78 
  72320  -39.574  28.669   5.309  1.11 322.32 
  74128  -39.508  28.769   5.492  1.11 320.94 
  75936  -39.441  28.869   5.675  1.14 319.99 
  77744  -39.374  28.969   5.857  1.14 319.19 
  79552  -39.308  29.069   6.040  1.14 318.45 
  81360  -39.241  29.169   6.222  1.14 317.74 
  83168  -39.174  29.269   6.404  1.14 317.12 
  84976  -39.108  29.369   6.587  1.18 317.60 
  86784  -39.041  29.469   6.769  1.18 317.21 
  88592  -38.974  29.569   6.951  1.18 316.86 
  90400  -38.908  29.669   7.134  1.18 316.54 
  92208  -38.841  29.769   7.316  1.19 316.22 
  94016  -38.774  29.869   7.498  1.19 315.98 
  95824  -38.708  29.969   7.680  1.19 316.27 
  97632  -38.641  30.069   7.863  1.19 316.06 
  99440  -38.574  30.169   8.045  1.20 315.83 
 101248  -38.508  30.269   8.227  1.20 315.49 
 103056  -38.441  30.369   8.409  1.20 315.01 
 104864  -38.374  30.469   8.591  1.37 314.23 
 106672  -38.308  30.569   8.773  1.39 314.31 
 108480  -38.241  30.669   8.955  1.41 314.12 
 110288  -38.174  30.769   9.138  1.43 313.77 
 112096  -38.108  30.869   9.321  1.46 313.45 
 113904  -38.041  30.969   9.504  1.21 315.24 
 115712  -37.974  31.069   9.687  1.21 314.79 
 117520  -37.908  31.169   9.870  1.21 314.39 
 119328  -37.841  31.269  10.053  1.21 313.85 
 121136  -37.774  31.369  10.235  1.22 313.22 
 122944  -37.708  31.469  10.416  1.22 312.79 
 124752  -37.641  31.569  10.598  1.21 316.21 
 126560  -37.574  31.669  10.779  1.22 316.21 
 128368  -37.508  31.769  10.961  1.23 316.22 
 130176  -37.441  31.869  11.142  1.24 316.19 
 131984  -37.374  31.969  11.324  1.25 316.14 
 133792  -37.308  32.069  11.506  1.24 317.48 
 135600  -37.241  32.169  11.687  1.25 317.31 
 137408  -37.174  32.269  11.869  1.25 317.21 
 139216  -37.108  32.369  12.051  1.25 317.14 
 141024  -37.041  32.469  12.232  1.25 317.11 
 142832  -36.974  32.569  12.414  1.25 317.11 
 144640  -36.908  32.669  12.595  1.24 317.39 
 146448  -36.841  32.769  12.776  1.25 317.23 
 148256  -36.774  32.869  12.958  1.25 317.02 
 150064  -36.708  32.969  13.139  1.25 316.82 
 151872  -36.641  33.069  13.320  1.25 316.69 
 153680  -36.574  33.169  13.501  1.14 317.32 
 155488  -36.508  33.269  13.682  1.14 317.48 
 157296  -36.441  33.369  13.864  1.14 317.51 
 159104  -36.374  33.469  14.044  1.13 317.25 
 160912  -36.308  33.569  14.225  1.13 316.80 
 162720  -36.241  33.669  14.405  1.14 316.50 
 164528  -36.174  33.769  14.585  1.21 317.28 
 166336  -36.108  33.869  14.766  1.21 317.35 
 168144  -36.041  33.969  14.946  1.22 317.38 
 169952  -35.974  34.069  15.127  1.22 317.42 
 171760  -35.908  34.169  15.307  1.23 317.38 
 173568  -35.841  34.269  15.488  1.24 317.27 
 175376  -35.774  34.369  15.669  1.31 319.64 
 177184  -35.708  34.469  15.849  1.32 319.78 
 178992  -35.641  34.569  16.030  1.33 319.92 
 180800  -35.574  34.669  16.211  1.34 320.03 
 182608  -35.508  34.769  16.392  1.36 320.11 
 184416  -35.441  34.869  16.573  1.46 323.48 
 186224  -35.374  34.969  16.755  1.47 323.61 
 188032  -35.308  35.069  16.936  1.47 323.81 
 189840  -35.241  35.169  17.118  1.48 323.99 
 191648  -35.174  35.269  17.300  1.48 324.14 
 193456  -35.108  35.369  17.482  1.49 324.27 
 195264  -35.041  35.469  17.664  1.58 328.16 
 197072  -34.974  35.569  17.846  1.59 328.34 
 198880  -34.908  35.669  18.028  1.60 328.37 
 201291  -34.808  35.803  18.279  1.62 328.31 
 203702  -34.708  35.936  18.530  1.67 330.75 
 206113  -34.608  36.069  18.780  1.70 330.61 
 208524  -34.508  36.203  19.031  1.71 330.46 
 210935  -34.408  36.336  19.283  1.73 330.63 
 213346  -34.308  36.469  19.534  1.69 330.82 
 215757  -34.208  36.603  19.786  1.69 330.53 
 218168  -34.108  36.736  20.037  1.69 330.05 
 220579  -34.008  36.869  20.288  1.70 329.68 
 222990  -33.908  37.003  20.538  1.65 327.71 
 225401  -33.808  37.136  20.789  1.65 327.51 
 227812  -33.708  37.269  21.039  1.66 327.08 
 230223  -33.608  37.403  21.289  1.67 326.41 
 232634  -33.508  37.536  21.538  1.69 324.07 
 235045  -33.408  37.669  21.788  1.71 323.17 
 237456  -33.308  37.803  22.038  1.72 322.21 
 239867  -33.208  37.936  22.287  1.74 321.73 
 242278  -33.108  38.069  22.536  1.75 320.14 
 244689  -33.008  38.203  22.785  1.76 320.13 
 247100  -32.908  38.336  23.034  1.77 319.67 
 249511  -32.808  38.469  23.282  1.78 319.07 
 251922  -32.708  38.603  23.531  1.76 317.85 
 254333  -32.608  38.736  23.779  1.76 317.05 
 256744  -32.508  38.869  24.027  1.76 316.08 
 259155  -32.408  39.003  24.275  1.76 314.95 
 261566  -32.308  39.136  24.522  1.67 311.66 
 263977  -32.208  39.269  24.769  1.66 310.58 
 266388  -32.108  39.403  25.016  1.65 310.02 
 268799  -32.008  39.536  25.262  1.65 310.94 
 271210  -31.908  39.669  25.508  1.48 311.56 
 273621  -31.808  39.803  25.754  1.50 311.93 
 276032  -31.708  39.936  26.000  1.53 312.52 
 278443  -31.608  40.069  26.244  1.55 312.70 
 280854  -31.508  40.203  26.489  1.57 312.61 
 283265  -31.408  40.336  26.734  1.61 313.68 
 285676  -31.308  40.469  26.979  1.63 313.40 
 288087  -31.208  40.603  27.224  1.65 312.95 
 290498  -31.108  40.736  27.469  1.67 312.50 
 292909  -31.008  40.869  27.714  1.66 311.08 
 295320  -30.908  41.003  27.959  1.67 310.48 
 297731  -30.808  41.136  28.204  1.67 309.79 
 300142  -30.708  41.269  28.448  1.67 309.32 
 302553  -30.608  41.403  28.692  1.62 308.97 
 304964  -30.508  41.536  28.936  1.61 309.19 
 307375  -30.408  41.669  29.180  1.60 309.24 
 309786  -30.308  41.803  29.423  1.60 309.73 
 312197  -30.208  41.936  29.666  1.55 310.98 
 314608  -30.108  42.069  29.909  1.55 310.04 
 317019  -30.008  42.203  30.152  1.55 308.75 
 319430  -29.908  42.336  30.394  1.55 307.87 
 321841  -29.808  42.469  30.637  1.52 313.25 
 324252  -29.708  42.603  30.879  1.54 314.72 
 326663  -29.608  42.736  31.121  1.56 316.56 
 327266  -29.574  42.769  31.187  1.56 317.04 
 327869  -29.541  42.803  31.253  1.57 317.43 
 328472  -29.508  42.836  31.319  1.57 317.56 
 329075  -29.474  42.869  31.384  1.57 317.70 
 329678  -29.441  42.903  31.450  1.57 317.73 
 330281  -29.408  42.936  31.516  1.72 358.06 
 332692  -29.308  43.069  31.759  1.64 349.82 
 333295  -29.274  43.103  31.825  1.62 346.28 
 333898  -29.241  43.136  31.890  1.60 342.87 
 334501  -29.208  43.169  31.956  1.58 339.46 
 335104  -29.174  43.203  32.021  1.57 336.39 
 335707  -29.141  43.236  32.088  1.58 334.68 
 336310  -29.108  43.269  32.154  1.59 332.96 
 336913  -29.074  43.303  32.220  1.60 331.52 
 337516  -29.041  43.336  32.286  1.61 330.45 
 338119  -29.008  43.369  32.352  1.63 329.37 
 338722  -28.974  43.403  32.418  1.64 328.42 
 339325  -28.941  43.436  32.484  1.64 328.67 
 339928  -28.908  43.469  32.550  1.79 356.69 
 340531  -28.874  43.503  32.617  1.78 355.35 
 341134  -28.841  43.536  32.683  1.77 354.02 
 341737  -28.808  43.569  32.749  1.76 352.69 
 342340  -28.774  43.603  32.815  1.76 351.67 
 342943  -28.741  43.636  32.881  1.76 352.16 
 343546  -28.708  43.669  32.947  1.76 352.64 
 344149  -28.674  43.703  33.014  1.76 353.23 
 344752  -28.641  43.736  33.081  1.76 353.97 
 345355  -28.608  43.769  33.148  1.77 354.70 
 345958  -28.574  43.803  33.215  1.77 355.62 
 346561  -28.541  43.836  33.282  1.77 358.04 
 347164  -28.508  43.869  33.350  1.78   0.49 
 347767  -28.474  43.903  33.417  1.79   2.93 
 348370  -28.441  43.936  33.485  1.80   5.32 
 348973  -28.408  43.969  33.552  2.02  26.88 
 349576  -28.374  44.003  33.620  2.03  28.12 
 350179  -28.341  44.036  33.688  2.06  30.33 
 350782  -28.308  44.069  33.756  2.09  32.57 
 351385  -28.274  44.103  33.824  2.12  34.99 
 351988  -28.241  44.136  33.893  2.14  37.62 
 352591  -28.208  44.169  33.961  2.17  40.24 
 355002  -28.108  44.303  34.217  2.27  47.99 
 357413  -28.008  44.436  34.472  2.34  54.86 
 359824  -27.908  44.569  34.726  2.44  67.23 
 362235  -27.808  44.703  34.980  2.39  68.28 
 364646  -27.708  44.836  35.233  2.31  68.72 
 367057  -27.608  44.969  35.485  2.21  67.94 
 369468  -27.508  45.103  35.736  2.12  70.54 
 371879  -27.408  45.236  35.986  2.04  67.07 
 374290  -27.308  45.369  36.236  1.96  61.86 
 376701  -27.208  45.503  36.485  1.90  54.96 
 379112  -27.108  45.636  36.735  1.93  42.87 
 381523  -27.008  45.769  36.986  1.89  31.60 
 383934  -26.908  45.903  37.237  1.85  19.92 
 386345  -26.808  46.036  37.487  1.83   8.73 
 388756  -26.708  46.169  37.734  1.91 353.60 
 389359  -26.674  46.203  37.801  1.90 351.47 
 389962  -26.641  46.236  37.867  1.90 349.90 
 390565  -26.608  46.269  37.933  1.89 348.32 
 391168  -26.574  46.303  37.999  1.88 346.86 
 391771  -26.541  46.336  38.066  1.88 345.43 
 392374  -26.508  46.369  38.132  1.87 344.01 
 392977  -26.474  46.403  38.198  1.86 342.61 
 393580  -26.441  46.436  38.264  1.86 341.54 
 394183  -26.408  46.469  38.329  1.85 340.63 
 394786  -26.374  46.503  38.395  1.85 339.71 
 395389  -26.341  46.536  38.461  1.84 338.78 
 395992  -26.308  46.569  38.527  1.90 333.54 
 396595  -26.274  46.603  38.592  1.89 333.06 
 397198  -26.241  46.636  38.658  1.89 332.55 
 397801  -26.208  46.669  38.723  1.88 332.08 
 398404  -26.174  46.703  38.789  1.88 331.60 
 399007  -26.141  46.736  38.854  1.87 331.13 
 399610  -26.108  46.769  38.920  1.87 330.65 
 400213  -26.074  46.803  38.985  1.86 330.18 
 400816  -26.041  46.836  39.051  1.86 329.74 
 401419  -26.008  46.869  39.116  1.86 329.30 
 402022  -25.974  46.903  39.181  1.85 328.89 
 402625  -25.941  46.936  39.247  1.85 328.48 
 403228  -25.908  46.969  39.312  1.85 328.08 
 403831  -25.874  47.003  39.377  1.85 327.68 
 404434  -25.841  47.036  39.442  1.85 327.33 
 405037  -25.808  47.069  39.507  1.82 321.04 
 405640  -25.774  47.103  39.572  1.82 321.05 
 406243  -25.741  47.136  39.637  1.82 321.06 
 406846  -25.708  47.169  39.703  1.82 321.12 
 407449  -25.674  47.203  39.768  1.83 321.19 
 408052  -25.641  47.236  39.833  1.83 321.31 
 408655  -25.608  47.269  39.898  1.83 321.44 
 409258  -25.574  47.303  39.963  1.83 321.55 
 409861  -25.541  47.336  40.028  1.83 321.65 
 410464  -25.508  47.369  40.092  1.83 321.75 
 411067  -25.474  47.403  40.157  1.83 321.85 
 411670  -25.441  47.436  40.222  1.83 321.95 
 412273  -25.408  47.469  40.287  1.83 322.00 
 412876  -25.374  47.503  40.352  1.83 322.06 
 413479  -25.341  47.536  40.416  1.83 322.11 
 414082  -25.308  47.569  40.481  1.83 322.17 
 414685  -25.274  47.603  40.546  1.83 316.24 
 415288  -25.241  47.636  40.611  1.83 316.27 
 415891  -25.208  47.669  40.675  1.82 316.31 
 416494  -25.174  47.703  40.740  1.82 316.31 
 417097  -25.141  47.736  40.805  1.81 316.31 
 417700  -25.108  47.769  40.869  1.81 316.31 
 418303  -25.074  47.803  40.934  1.80 316.31 
 418906  -25.041  47.836  40.999  1.79 316.39 
 419509  -25.008  47.869  41.063  1.79 316.46 
 420112  -24.974  47.903  41.127  1.78 316.55 
 420715  -24.941  47.936  41.192  1.77 316.65 
 421318  -24.908  47.969  41.256  1.77 316.74 
 421921  -24.874  48.003  41.320  1.76 316.83 
 422524  -24.841  48.036  41.385  1.75 316.79 
 423127  -24.808  48.069  41.449  1.75 316.73 
 423730  -24.774  48.103  41.513  1.72 307.14 
 424333  -24.741  48.136  41.577  1.71 307.37 
 424936  -24.708  48.169  41.641  1.71 307.60 
 425539  -24.674  48.203  41.705  1.70 307.82 
 426142  -24.641  48.236  41.769  1.69 307.81 
 426745  -24.608  48.269  41.834  1.69 307.85 
 427348  -24.574  48.303  41.898  1.69 307.93 
 427951  -24.541  48.336  41.962  1.69 308.03 
 428554  -24.508  48.369  42.026  1.69 308.12 
 429157  -24.474  48.403  42.089  1.69 308.21 
 429760  -24.441  48.436  42.153  1.68 308.20 
 430363  -24.408  48.469  42.217  1.69 308.25 
 430966  -24.374  48.503  42.280  1.69 308.27 
 431569  -24.341  48.536  42.344  1.69 308.26 
 432172  -24.308  48.569  42.408  1.69 308.45 
 432775  -24.274  48.603  42.471  1.69 308.66 
 433378  -24.241  48.636  42.535  1.59 302.43 
 433981  -24.208  48.669  42.599  1.59 302.67 
 434584  -24.174  48.703  42.662  1.58 302.81 
 435187  -24.141  48.736  42.726  1.58 302.94 
 435790  -24.108  48.769  42.790  1.57 303.06 
 436393  -24.074  48.803  42.853  1.57 303.17 
 436996  -24.041  48.836  42.917  1.56 303.19 
 437599  -24.008  48.869  42.980  1.56 303.20 
 438202  -23.974  48.903  43.044  1.55 303.14 
 438805  -23.941  48.936  43.107  1.54 303.05 
 439408  -23.908  48.969  43.170  1.54 303.01 
 440011  -23.874  49.003  43.233  1.54 302.95 
 440614  -23.841  49.036  43.296  1.54 302.69 
 441217  -23.808  49.069  43.359  1.54 302.42 
 441820  -23.774  49.103  43.422  1.54 302.22 
 442423  -23.741  49.136  43.485  1.54 302.02 
 443026  -23.708  49.169  43.548  1.48 295.51 
 443629  -23.674  49.203  43.611  1.49 295.82 
 444232  -23.641  49.236  43.674  1.49 296.35 
 444835  -23.608  49.269  43.737  1.49 296.88 
 445438  -23.574  49.303  43.800  1.48 297.35 
 446041  -23.541  49.336  43.863  1.48 297.80 
 446644  -23.508  49.369  43.926  1.48 298.25 
 447247  -23.474  49.403  43.989  1.48 298.70 
 447850  -23.441  49.436  44.052  1.48 299.17 
 448453  -23.408  49.469  44.115  1.48 299.60 
 449056  -23.374  49.503  44.177  1.48 300.05 
 449659  -23.341  49.536  44.240  1.48 300.52 
 450262  -23.308  49.569  44.303  1.48 300.99 
 450865  -23.274  49.603  44.366  1.48 301.46 
 451468  -23.241  49.636  44.428  1.48 301.97 
