  nnod     Lon    Lat      Cost    hs      dir   
   3820  -27.364 -25.751   0.000  2.84 176.89 
   3285  -26.564 -25.951   1.367  2.91 172.89 
   2750  -25.764 -26.151   2.730  2.49 172.69 
   2215  -24.964 -26.351   4.075  2.15 173.63 
   1680  -24.164 -26.551   5.403  2.09 173.72 
   1145  -23.364 -26.751   6.728  2.07 172.48 
    610  -22.564 -26.951   8.052  2.05 170.68 
    611  -22.364 -26.951   8.367  2.04 171.31 
    612  -22.164 -26.951   8.682  1.90 165.30 
    613  -21.964 -26.951   8.996  1.89 165.02 
    614  -21.764 -26.951   9.311  1.89 165.03 
    615  -21.564 -26.951   9.625  1.79 162.57 
    616  -21.364 -26.951   9.940  1.80 162.54 
    617  -21.164 -26.951  10.254  1.81 162.39 
    618  -20.964 -26.951  10.568  1.76 157.90 
    619  -20.764 -26.951  10.883  1.78 157.40 
    620  -20.564 -26.951  11.198  1.79 156.67 
    621  -20.364 -26.951  11.514  1.78 153.45 
    622  -20.164 -26.951  11.829  1.79 153.14 
    623  -19.964 -26.951  12.145  1.81 152.71 
    624  -19.764 -26.951  12.461  1.82 152.53 
    625  -19.564 -26.951  12.778  1.69 146.97 
     90  -18.764 -27.151  14.103  1.69 143.14 
     91  -18.564 -27.151  14.419  1.69 142.82 
     92  -18.364 -27.151  14.735  1.65 143.84 
