  nnod     Lon    Lat      Cost    hs      dir   
 321587  141.675  42.500   0.000  1.24 147.13 
 319020  141.700  42.400   0.130  1.39 144.88 
 316453  141.725  42.300   0.261  1.50 143.87 
 313886  141.750  42.200   0.392  1.58 143.22 
 311319  141.775  42.100   0.524  2.05 143.03 
 308752  141.800  42.000   0.657  2.09 141.23 
 306185  141.825  41.900   0.790  2.12 139.55 
 304260  141.850  41.825   0.892  2.15 138.99 
 302335  141.875  41.750   0.994  2.18 139.39 
 300410  141.900  41.675   1.098  2.20 138.80 
 298485  141.925  41.600   1.203  2.24 137.69 
 295918  141.950  41.500   1.341  2.30 136.37 
 293993  141.975  41.425   1.446  2.34 136.10 
 291426  142.000  41.325   1.585  2.40 135.11 
 288859  142.025  41.225   1.725  2.44 135.06 
 286292  142.050  41.125   1.866  2.49 134.27 
 285650  142.050  41.100   1.899  2.51 133.91 
 285008  142.050  41.075   1.932  2.52 133.55 
 284366  142.050  41.050   1.966  2.54 133.18 
 283724  142.050  41.025   1.999  2.56 132.86 
 283082  142.050  41.000   2.033  2.58 132.59 
 282440  142.050  40.975   2.066  2.60 132.56 
 281798  142.050  40.950   2.100  2.63 132.41 
 281156  142.050  40.925   2.133  2.65 132.20 
 280514  142.050  40.900   2.167  2.67 132.18 
 279872  142.050  40.875   2.201  2.69 132.24 
 279230  142.050  40.850   2.235  2.71 132.42 
 278588  142.050  40.825   2.268  2.71 132.58 
 277946  142.050  40.800   2.302  2.72 132.58 
 277304  142.050  40.775   2.336  2.72 132.58 
 276662  142.050  40.750   2.370  2.71 132.58 
 276020  142.050  40.725   2.404  2.69 132.73 
 275378  142.050  40.700   2.437  2.67 132.96 
 274736  142.050  40.675   2.471  2.66 133.22 
 274094  142.050  40.650   2.505  2.65 130.40 
 273452  142.050  40.625   2.538  2.65 130.50 
 272810  142.050  40.600   2.572  2.65 130.43 
 272168  142.050  40.575   2.605  2.65 130.17 
 271526  142.050  40.550   2.639  2.65 129.68 
 270884  142.050  40.525   2.672  2.64 129.35 
 270242  142.050  40.500   2.706  2.64 129.02 
 269600  142.050  40.475   2.739  2.65 128.44 
 268958  142.050  40.450   2.772  2.66 127.85 
 268316  142.050  40.425   2.806  2.66 127.20 
 267674  142.050  40.400   2.839  2.67 126.68 
 267032  142.050  40.375   2.872  2.68 126.23 
 266390  142.050  40.350   2.906  2.69 125.82 
 265748  142.050  40.325   2.939  2.70 125.55 
 265106  142.050  40.300   2.972  2.71 125.55 
 264464  142.050  40.275   3.006  2.71 125.55 
 263822  142.050  40.250   3.039  2.71 125.55 
 263180  142.050  40.225   3.073  2.70 125.11 
 262538  142.050  40.200   3.107  2.70 124.76 
 259971  142.075  40.100   3.245  2.75 124.09 
 257404  142.100  40.000   3.383  2.79 122.13 
 256762  142.100  39.975   3.417  2.76 121.37 
 256120  142.100  39.950   3.451  2.73 120.61 
 253553  142.125  39.850   3.589  2.50 117.82 
 250986  142.150  39.750   3.727  2.57 118.23 
 248419  142.175  39.650   3.865  2.71 117.24 
 247777  142.175  39.625   3.900  2.75 117.37 
 247135  142.175  39.600   3.934  2.78 117.50 
 246493  142.175  39.575   3.968  2.82 117.66 
 243924  142.150  39.475   4.108  2.98 118.58 
 241355  142.125  39.375   4.248  3.01 119.07 
 238786  142.100  39.275   4.389  2.99 118.39 
 238144  142.100  39.250   4.423  3.00 118.39 
 235573  142.025  39.150   4.582  3.14 115.37 
 233002  141.950  39.050   4.741  3.17 115.07 
 231074  141.900  38.975   4.857  3.27 114.26 
 229789  141.875  38.925   4.932  3.28 113.41 
 228504  141.850  38.875   5.006  3.33 112.19 
 227219  141.825  38.825   5.082  3.42 111.41 
 225934  141.800  38.775   5.159  3.51 111.34 
 224649  141.775  38.725   5.237  3.60 110.70 
 223364  141.750  38.675   5.315  3.70 109.47 
 222079  141.725  38.625   5.393  3.71 108.94 
 220794  141.700  38.575   5.472  3.71 108.53 
 218867  141.675  38.500   5.585  3.83 105.20 
 216296  141.600  38.400   5.750  3.44 104.65 
 215653  141.575  38.375   5.794  3.25 107.23 
 215010  141.550  38.350   5.838  3.01 110.42 
 213082  141.500  38.275   5.953  3.01 114.85 
 211154  141.450  38.200   6.073  3.65 111.65 
 209226  141.400  38.125   6.198  3.96 107.98 
 207941  141.375  38.075   6.279  3.99 106.15 
 206656  141.350  38.025   6.360  3.99 105.02 
 205371  141.325  37.975   6.441  3.96 103.68 
 204086  141.300  37.925   6.521  4.12  96.47 
 202159  141.275  37.850   6.636  3.96  98.20 
 200232  141.250  37.775   6.749  3.89  99.35 
 198305  141.225  37.700   6.863  4.07  99.01 
 195736  141.200  37.600   7.015  4.21  96.29 
 193167  141.175  37.500   7.172  4.08  95.97 
 192525  141.175  37.475   7.210  4.07  95.98 
 191883  141.175  37.450   7.248  4.05  95.99 
 191241  141.175  37.425   7.286  4.04  96.00 
 190599  141.175  37.400   7.324  4.06  95.79 
 189957  141.175  37.375   7.362  4.10  95.47 
 189315  141.175  37.350   7.400  4.15  95.14 
 188673  141.175  37.325   7.438  4.16  94.93 
 188031  141.175  37.300   7.477  4.19  94.93 
 187389  141.175  37.275   7.515  4.37  86.51 
 186747  141.175  37.250   7.554  4.40  86.51 
 184178  141.150  37.150   7.711  4.34  83.44 
 182251  141.125  37.075   7.830  4.26  82.87 
 180324  141.100  37.000   7.947  4.17  82.20 
 177755  141.075  36.900   8.102  4.11  80.66 
 177112  141.050  36.875   8.146  4.03  81.61 
 175185  141.025  36.800   8.263  3.97  82.18 
 172616  141.000  36.700   8.416  3.95  82.55 
 170047  140.975  36.600   8.569  3.88  76.16 
 167478  140.950  36.500   8.721  3.82  75.33 
 164909  140.925  36.400   8.872  3.81  75.03 
 164267  140.925  36.375   8.909  3.81  74.76 
 163625  140.925  36.350   8.946  3.82  74.50 
 162983  140.925  36.325   8.983  3.82  74.32 
 162341  140.925  36.300   9.020  3.81  74.32 
 161699  140.925  36.275   9.057  3.80  74.32 
 161057  140.925  36.250   9.094  3.79  74.32 
 160415  140.925  36.225   9.131  3.77  73.75 
 159773  140.925  36.200   9.167  3.75  73.17 
 159131  140.925  36.175   9.204  3.73  72.59 
 158489  140.925  36.150   9.241  3.71  72.10 
 157847  140.925  36.125   9.277  3.69  71.55 
 157205  140.925  36.100   9.314  3.66  71.00 
 156563  140.925  36.075   9.350  3.64  70.47 
 155921  140.925  36.050   9.387  3.62  69.97 
 155279  140.925  36.025   9.423  3.59  69.48 
 154637  140.925  36.000   9.459  3.56  68.99 
 153995  140.925  35.975   9.495  3.54  68.61 
 153353  140.925  35.950   9.531  3.46  64.79 
 152711  140.925  35.925   9.567  3.44  64.43 
 152069  140.925  35.900   9.603  3.43  64.21 
 151427  140.925  35.875   9.639  3.43  64.03 
 150785  140.925  35.850   9.675  3.42  63.85 
 150143  140.925  35.825   9.711  3.41  63.73 
 147574  140.900  35.725   9.856  3.17  70.16 
 146931  140.875  35.700   9.898  3.01  77.86 
 146288  140.850  35.675   9.943  2.84  85.51 
 145645  140.825  35.650   9.987  2.78  90.21 
 145002  140.800  35.625  10.031  2.74  94.11 
 143072  140.700  35.550  10.174  2.62  91.93 
 142429  140.675  35.525  10.217  2.70  90.52 
 139858  140.600  35.425  10.376  2.74  89.80 
 137287  140.525  35.325  10.535  2.84  83.31 
 135357  140.425  35.250  10.679  2.60  87.83 
 132786  140.350  35.150  10.837  2.65  91.07 
 132142  140.300  35.125  10.899  2.56  96.65 
 130212  140.200  35.050  11.047  2.38 100.29 
 129568  140.150  35.025  11.109  2.38  99.46 
 128925  140.125  35.000  11.151  2.48  97.64 
 128282  140.100  34.975  11.195  2.46  97.49 
 126352  140.000  34.900  11.342  2.36  99.18 
 125706  139.900  34.875  11.452  2.19 102.84 
 125060  139.800  34.850  11.561  2.13  96.96 
 124414  139.700  34.825  11.671  2.19  96.31 
 123769  139.625  34.800  11.756  2.21  97.51 
 123124  139.550  34.775  11.841  2.23  99.18 
 122479  139.475  34.750  11.926  2.17 101.18 
 121834  139.400  34.725  12.011  2.02 104.81 
 121189  139.325  34.700  12.095  1.91 107.76 
 120544  139.250  34.675  12.180  1.95 104.13 
 119899  139.175  34.650  12.264  2.01 101.83 
 119254  139.100  34.625  12.349  2.08  97.84 
 118609  139.025  34.600  12.434  2.19  95.22 
 117964  138.950  34.575  12.519  2.25  90.45 
 117319  138.875  34.550  12.604  2.20  91.58 
 116674  138.800  34.525  12.689  2.23  91.16 
 116029  138.725  34.500  12.774  2.25  90.05 
 115383  138.625  34.475  12.883  2.08  89.63 
 114737  138.525  34.450  12.995  1.96  88.95 
 114092  138.450  34.425  13.080  1.91  83.13 
 113447  138.375  34.400  13.164  1.91  62.72 
 112802  138.300  34.375  13.249  1.95  26.70 
 112156  138.200  34.350  13.361  2.00 352.46 
 111511  138.125  34.325  13.448  2.06 337.28 
 110866  138.050  34.300  13.535  1.96  24.83 
 110221  137.975  34.275  13.623  2.02   9.56 
 109576  137.900  34.250  13.710  2.08 358.87 
 108931  137.825  34.225  13.798  2.14 351.30 
 108286  137.750  34.200  13.886  2.19 349.57 
 107641  137.675  34.175  13.975  2.23 348.80 
 106996  137.600  34.150  14.063  2.26 350.82 
 106351  137.525  34.125  14.151  2.28 353.16 
 105706  137.450  34.100  14.239  2.29 354.90 
 105061  137.375  34.075  14.327  2.29 357.05 
 104416  137.300  34.050  14.416  2.28   0.57 
 103771  137.225  34.025  14.504  2.08  15.36 
 103126  137.150  34.000  14.592  2.07  16.40 
 101839  137.075  33.950  14.694  2.05  22.03 
 101195  137.025  33.925  14.756  2.03  26.18 
 100551  136.975  33.900  14.818  2.00  30.68 
  99907  136.925  33.875  14.879  1.96  35.69 
  99263  136.875  33.850  14.941  1.93  40.81 
  98619  136.825  33.825  15.003  1.90  45.29 
  97975  136.775  33.800  15.064  1.87  50.49 
  97331  136.725  33.775  15.125  1.84  53.09 
  96687  136.675  33.750  15.187  1.80  53.09 
  96043  136.625  33.725  15.248  1.77  57.40 
  95399  136.575  33.700  15.310  1.73  62.61 
  94755  136.525  33.675  15.371  1.69  67.97 
  94111  136.475  33.650  15.432  1.66  72.79 
  93467  136.425  33.625  15.493  1.63  77.25 
  92823  136.375  33.600  15.555  1.58  78.67 
  92179  136.325  33.575  15.616  1.56  81.05 
  91535  136.275  33.550  15.677  1.55  82.68 
  90891  136.225  33.525  15.738  1.54  83.07 
  90247  136.175  33.500  15.799  1.53  82.19 
  89603  136.125  33.475  15.861  1.52  82.76 
  88959  136.075  33.450  15.922  1.51  83.59 
  88315  136.025  33.425  15.983  1.50  84.18 
  87671  135.975  33.400  16.044  1.49  84.51 
  87027  135.925  33.375  16.106  1.47  84.71 
  86383  135.875  33.350  16.167  1.47  84.31 
  85739  135.825  33.325  16.228  1.47  84.16 
  85095  135.775  33.300  16.289  1.48  84.55 
  84451  135.725  33.275  16.351  1.50  84.74 
  83807  135.675  33.250  16.412  1.52  84.74 
  83163  135.625  33.225  16.473  1.53  83.20 
  82519  135.575  33.200  16.534  1.52  83.02 
  81875  135.525  33.175  16.596  1.53  81.47 
  81231  135.475  33.150  16.657  1.54  79.82 
  80587  135.425  33.125  16.719  1.55  78.04 
  79943  135.375  33.100  16.780  1.56  76.25 
  79299  135.325  33.075  16.842  1.57  74.72 
  78655  135.275  33.050  16.903  1.59  73.37 
  78011  135.225  33.025  16.965  1.60  72.32 
  77367  135.175  33.000  17.027  1.61  71.41 
  76723  135.125  32.975  17.088  1.62  70.65 
  76079  135.075  32.950  17.150  1.63  69.96 
  75435  135.025  32.925  17.211  1.64  69.42 
  74791  134.975  32.900  17.273  1.65  69.12 
  74147  134.925  32.875  17.334  1.66  68.99 
  73503  134.875  32.850  17.396  1.67  68.86 
  72859  134.825  32.825  17.458  1.67  68.87 
  72215  134.775  32.800  17.520  1.60  77.09 
  71571  134.725  32.775  17.581  1.60  77.12 
  70927  134.675  32.750  17.643  1.61  77.12 
  70283  134.625  32.725  17.705  1.61  76.74 
  69639  134.575  32.700  17.767  1.62  76.40 
  68995  134.525  32.675  17.828  1.63  76.13 
  68351  134.475  32.650  17.890  1.64  75.93 
  67707  134.425  32.625  17.952  1.65  75.79 
  67063  134.375  32.600  18.014  1.65  75.68 
  66419  134.325  32.575  18.076  1.65  75.57 
  65775  134.275  32.550  18.138  1.66  75.53 
  65131  134.225  32.525  18.200  1.67  75.27 
  64487  134.175  32.500  18.261  1.67  74.80 
  63843  134.125  32.475  18.323  1.67  74.59 
  63199  134.075  32.450  18.385  1.68  74.55 
  62555  134.025  32.425  18.447  1.67  74.60 
  61911  133.975  32.400  18.509  1.60  78.62 
  61267  133.925  32.375  18.571  1.61  77.50 
  60623  133.875  32.350  18.633  1.62  75.75 
  59979  133.825  32.325  18.695  1.63  74.61 
  59335  133.775  32.300  18.757  1.64  74.68 
  58691  133.725  32.275  18.819  1.65  74.72 
  58047  133.675  32.250  18.881  1.67  74.72 
  57403  133.625  32.225  18.943  1.69  74.73 
  56759  133.575  32.200  19.005  1.71  74.95 
  56115  133.525  32.175  19.067  1.73  75.56 
  55471  133.475  32.150  19.129  1.76  76.77 
  54827  133.425  32.125  19.191  1.79  78.36 
  54183  133.375  32.100  19.254  1.82  79.25 
  53539  133.325  32.075  19.316  1.85  80.01 
  52895  133.275  32.050  19.378  1.87  80.80 
  52251  133.225  32.025  19.441  1.90  81.36 
  51607  133.175  32.000  19.503  1.87  83.63 
  50963  133.125  31.975  19.565  1.89  84.00 
  50319  133.075  31.950  19.628  1.90  84.44 
  49675  133.025  31.925  19.690  1.92  84.92 
  49031  132.975  31.900  19.753  1.94  85.36 
  48387  132.925  31.875  19.816  1.96  85.78 
  47743  132.875  31.850  19.878  1.97  86.03 
  47099  132.825  31.825  19.941  1.98  86.26 
  46455  132.775  31.800  20.003  1.99  86.22 
  45811  132.725  31.775  20.066  1.99  86.20 
  45167  132.675  31.750  20.129  2.00  86.20 
  44523  132.625  31.725  20.191  2.01  86.04 
  43879  132.575  31.700  20.254  2.02  85.83 
  43235  132.525  31.675  20.317  2.03  85.65 
  42591  132.475  31.650  20.379  2.04  85.49 
  41947  132.425  31.625  20.442  2.05  85.32 
  41303  132.375  31.600  20.505  2.03  87.91 
  40659  132.325  31.575  20.568  2.04  87.56 
  40015  132.275  31.550  20.631  2.05  87.02 
  39371  132.225  31.525  20.694  2.05  86.81 
  38727  132.175  31.500  20.756  2.06  86.94 
  38083  132.125  31.475  20.819  2.06  86.36 
  37439  132.075  31.450  20.882  2.07  85.63 
  36795  132.025  31.425  20.945  2.07  84.82 
  36151  131.975  31.400  21.008  2.07  84.02 
  35507  131.925  31.375  21.071  2.07  83.24 
  34863  131.875  31.350  21.134  2.06  82.54 
  34219  131.825  31.325  21.197  2.06  81.85 
  33575  131.775  31.300  21.260  2.05  81.26 
  32931  131.725  31.275  21.323  2.04  80.96 
  32287  131.675  31.250  21.386  2.02  80.96 
  31000  131.600  31.200  21.489  2.01  80.47 
  29713  131.525  31.150  21.593  1.99  82.93 
  28426  131.450  31.100  21.696  1.96  82.47 
  27139  131.375  31.050  21.799  1.92  82.28 
  25852  131.300  31.000  21.902  1.90  82.24 
