  nnod     Lon    Lat      Cost    hs      dir   
    165  -84.588  24.669   0.000  1.11 105.63 
   3480  -84.488  24.694   0.150  1.09 105.87 
   6795  -84.388  24.719   0.299  1.07 106.09 
  10110  -84.288  24.744   0.448  1.04 106.41 
  13425  -84.188  24.769   0.597  0.92 106.48 
  16740  -84.088  24.794   0.746  0.90 106.82 
  20055  -83.988  24.819   0.895  0.89 107.24 
  23370  -83.888  24.844   1.044  0.87 107.66 
  26685  -83.788  24.869   1.192  0.85 108.08 
  30000  -83.688  24.894   1.339  0.84 108.76 
  33315  -83.588  24.919   1.487  0.82 109.74 
  36630  -83.488  24.944   1.635  0.69 111.11 
  39945  -83.388  24.969   1.782  0.67 112.33 
  43260  -83.288  24.994   1.930  0.65 113.44 
  46575  -83.188  25.019   2.077  0.64 114.53 
  49890  -83.088  25.044   2.223  0.61 115.62 
  53205  -82.988  25.069   2.370  0.59 116.73 
  56520  -82.888  25.094   2.516  0.47 120.21 
  56521  -82.863  25.094   2.552  0.46 120.43 
  56522  -82.838  25.094   2.587  0.46 120.65 
  59837  -82.738  25.119   2.733  0.43 122.28 
  63152  -82.638  25.144   2.879  0.41 123.95 
  66467  -82.538  25.169   3.025  0.38 125.54 
  69782  -82.438  25.194   3.170  0.35 127.34 
  69783  -82.413  25.194   3.205  0.34 127.61 
  69784  -82.388  25.194   3.241  0.34 127.87 
  69785  -82.363  25.194   3.276  0.33 128.12 
  69786  -82.338  25.194   3.311  0.33 128.38 
  69787  -82.313  25.194   3.346  0.32 128.63 
  69788  -82.288  25.194   3.381  0.32 128.89 
  69789  -82.263  25.194   3.416  0.31 129.14 
  69790  -82.238  25.194   3.451  0.31 129.40 
  69791  -82.213  25.194   3.486  0.30 129.65 
  69792  -82.188  25.194   3.521  0.26 131.73 
  69793  -82.163  25.194   3.556  0.26 131.85 
  69794  -82.138  25.194   3.591  0.25 131.97 
  69795  -82.113  25.194   3.626  0.25 132.10 
  69796  -82.088  25.194   3.662  0.24 132.22 
  69797  -82.063  25.194   3.697  0.24 132.35 
  69798  -82.038  25.194   3.732  0.24 132.47 
  69799  -82.013  25.194   3.767  0.23 132.59 
  69800  -81.988  25.194   3.802  0.23 132.70 
  69801  -81.963  25.194   3.837  0.23 132.78 
  69802  -81.938  25.194   3.872  0.22 132.86 
  69803  -81.913  25.194   3.907  0.22 132.94 
  69804  -81.888  25.194   3.942  0.21 133.02 
  69805  -81.863  25.194   3.977  0.21 133.10 
  69806  -81.838  25.194   4.012  0.21 133.18 
  69807  -81.813  25.194   4.047  0.20 133.26 
  69808  -81.788  25.194   4.082  0.20 133.34 
  69809  -81.763  25.194   4.117  0.20 133.51 
  69810  -81.738  25.194   4.152  0.20 133.69 
  69811  -81.713  25.194   4.187  0.20 133.86 
  69812  -81.688  25.194   4.222  0.20 134.04 
  69813  -81.663  25.194   4.258  0.20 134.22 
  69814  -81.638  25.194   4.293  0.20 134.39 
  69815  -81.613  25.194   4.328  0.20 134.57 
  69816  -81.588  25.194   4.363  0.20 134.61 
  69817  -81.563  25.194   4.398  0.20 134.63 
  69818  -81.538  25.194   4.433  0.20 134.64 
  69819  -81.513  25.194   4.468  0.20 134.66 
  69820  -81.488  25.194   4.503  0.19 132.95 
  69821  -81.463  25.194   4.538  0.19 133.07 
  69822  -81.438  25.194   4.573  0.18 133.20 
  69823  -81.413  25.194   4.608  0.18 133.32 
  69824  -81.388  25.194   4.643  0.18 133.19 
  69825  -81.363  25.194   4.678  0.18 132.92 
  69826  -81.338  25.194   4.713  0.17 132.64 
  69827  -81.313  25.194   4.748  0.17 132.36 
  69828  -81.288  25.194   4.783  0.17 132.09 
  69829  -81.263  25.194   4.818  0.16 131.81 
  69830  -81.238  25.194   4.853  0.16 131.54 
  69831  -81.213  25.194   4.888  0.16 131.26 
  69832  -81.188  25.194   4.923  0.15 130.90 
  69833  -81.163  25.194   4.958  0.15 130.34 
  69834  -81.138  25.194   4.993  0.15 129.78 
  69835  -81.113  25.194   5.029  0.15 129.21 
  69836  -81.088  25.194   5.064  0.15 128.65 
  69837  -81.063  25.194   5.099  0.15 128.09 
  69838  -81.038  25.194   5.134  0.15 127.52 
  69839  -81.013  25.194   5.169  0.15 126.96 
  69840  -80.988  25.194   5.204  0.16 126.51 
  69841  -80.963  25.194   5.239  0.16 126.04 
  69842  -80.938  25.194   5.274  0.17 125.57 
  69843  -80.913  25.194   5.309  0.18 125.10 
  69844  -80.888  25.194   5.344  0.18 124.64 
  69845  -80.863  25.194   5.379  0.19 124.17 
  69846  -80.838  25.194   5.414  0.19 123.70 
  69847  -80.813  25.194   5.449  0.20 123.23 
  69848  -80.788  25.194   5.484  0.21 122.69 
  69849  -80.763  25.194   5.519  0.24 125.94 
  69850  -80.738  25.194   5.554  0.25 125.26 
  69851  -80.713  25.194   5.589  0.27 124.57 
  69852  -80.688  25.194   5.624  0.28 123.89 
  69853  -80.663  25.194   5.659  0.30 123.21 
  69854  -80.638  25.194   5.694  0.31 122.53 
  69855  -80.613  25.194   5.729  0.33 121.84 
  69856  -80.588  25.194   5.765  0.35 121.26 
  69857  -80.563  25.194   5.800  0.37 120.54 
  69858  -80.538  25.194   5.835  0.39 119.82 
  69859  -80.513  25.194   5.870  0.41 119.10 
  69860  -80.488  25.194   5.905  0.43 118.38 
  69861  -80.463  25.194   5.940  0.45 117.66 
  69862  -80.438  25.194   5.975  0.47 116.94 
  69863  -80.413  25.194   6.010  0.49 116.22 
  69864  -80.388  25.194   6.046  0.51 115.47 
  69865  -80.363  25.194   6.081  0.55 114.70 
  69866  -80.338  25.194   6.116  0.58 113.92 
  69867  -80.313  25.194   6.151  0.61 113.14 
  69868  -80.288  25.194   6.187  0.64 112.36 
  69869  -80.263  25.194   6.222  0.67 111.58 
  73184  -80.163  25.219   6.369  0.74 109.73 
  73185  -80.138  25.219   6.404  0.75 109.62 
  73186  -80.113  25.219   6.440  0.76 109.51 
  73187  -80.088  25.219   6.475  0.76 109.40 
  73188  -80.063  25.219   6.510  0.73 113.33 
  73189  -80.038  25.219   6.546  0.74 113.26 
  73190  -80.013  25.219   6.581  0.74 113.21 
  73191  -79.988  25.219   6.617  0.74 113.53 
  73192  -79.963  25.219   6.652  0.74 114.11 
  73193  -79.938  25.219   6.688  0.73 114.67 
  73194  -79.913  25.219   6.723  0.73 115.23 
  73195  -79.888  25.219   6.759  0.73 115.79 
  73196  -79.863  25.219   6.794  0.72 116.35 
  73197  -79.838  25.219   6.830  0.72 116.91 
  73198  -79.813  25.219   6.865  0.72 117.47 
  73199  -79.788  25.219   6.900  0.71 118.20 
  73200  -79.763  25.219   6.936  0.71 118.98 
  73201  -79.738  25.219   6.971  0.70 119.71 
  73202  -79.713  25.219   7.007  0.70 120.44 
  76517  -79.613  25.244   7.153  0.67 123.90 
  76518  -79.588  25.244   7.188  0.66 124.51 
  76519  -79.563  25.244   7.224  0.66 125.00 
  76520  -79.538  25.244   7.259  0.65 125.49 
  76521  -79.513  25.244   7.294  0.65 125.98 
  76522  -79.488  25.244   7.330  0.64 126.46 
  76523  -79.463  25.244   7.365  0.64 126.95 
  76524  -79.438  25.244   7.400  0.63 127.47 
  76525  -79.413  25.244   7.435  0.63 128.08 
  76526  -79.388  25.244   7.471  0.62 128.46 
  76527  -79.363  25.244   7.506  0.55 133.00 
  76528  -79.338  25.244   7.541  0.54 133.15 
  76529  -79.313  25.244   7.577  0.53 133.30 
  76530  -79.288  25.244   7.612  0.53 133.46 
  76531  -79.263  25.244   7.647  0.52 133.61 
  76532  -79.238  25.244   7.682  0.52 133.70 
  76533  -79.213  25.244   7.718  0.51 133.63 
  76534  -79.188  25.244   7.753  0.51 133.18 
  76535  -79.163  25.244   7.788  0.50 132.33 
  76536  -79.138  25.244   7.823  0.50 131.78 
  76537  -79.113  25.244   7.859  0.49 131.33 
  76538  -79.088  25.244   7.894  0.49 130.89 
  76539  -79.063  25.244   7.929  0.48 130.44 
  76540  -79.038  25.244   7.964  0.48 130.00 
  76541  -79.013  25.244   7.999  0.47 129.56 
  76542  -78.988  25.244   8.035  0.47 128.92 
  76543  -78.963  25.244   8.070  0.46 128.09 
  76544  -78.938  25.244   8.105  0.46 127.08 
  76545  -78.913  25.244   8.140  0.46 126.01 
  76546  -78.888  25.244   8.175  0.45 124.93 
  76547  -78.863  25.244   8.210  0.45 123.85 
  76548  -78.838  25.244   8.246  0.45 122.77 
  76549  -78.813  25.244   8.281  0.45 121.70 
  76550  -78.788  25.244   8.316  0.45 120.57 
  76551  -78.763  25.244   8.351  0.46 119.39 
  76552  -78.738  25.244   8.386  0.46 118.39 
  76553  -78.713  25.244   8.421  0.45 117.47 
  76554  -78.688  25.244   8.456  0.44 116.55 
  76555  -78.663  25.244   8.492  0.43 115.63 
  76556  -78.638  25.244   8.527  0.36 115.46 
  76557  -78.613  25.244   8.562  0.36 114.26 
  76558  -78.588  25.244   8.597  0.35 112.68 
  76559  -78.563  25.244   8.632  0.34 110.67 
  76560  -78.538  25.244   8.667  0.34 108.66 
  76561  -78.513  25.244   8.702  0.33 106.63 
  76562  -78.488  25.244   8.737  0.32 104.61 
  76563  -78.463  25.244   8.773  0.32 102.59 
  76564  -78.438  25.244   8.808  0.31 100.68 
  76565  -78.413  25.244   8.843  0.31  99.08 
  76566  -78.388  25.244   8.878  0.31  97.70 
  76567  -78.363  25.244   8.913  0.32  96.57 
  76568  -78.338  25.244   8.948  0.32  95.25 
  76569  -78.313  25.244   8.983  0.32  93.86 
  76570  -78.288  25.244   9.018  0.32  92.47 
  76571  -78.263  25.244   9.053  0.32  91.08 
  76572  -78.238  25.244   9.088  0.33  89.70 
  76573  -78.213  25.244   9.124  0.33  88.31 
  76574  -78.188  25.244   9.159  0.34  86.84 
  76575  -78.163  25.244   9.194  0.37  85.27 
  76576  -78.138  25.244   9.229  0.40  83.69 
  76577  -78.113  25.244   9.264  0.43  82.11 
  76578  -78.088  25.244   9.299  0.46  80.52 
  76579  -78.063  25.244   9.334  0.49  78.93 
  76580  -78.038  25.244   9.369  0.51  77.59 
  76581  -78.013  25.244   9.405  0.52  76.93 
  76582  -77.988  25.244   9.440  0.53  76.02 
  76583  -77.963  25.244   9.475  0.55  74.84 
  76584  -77.938  25.244   9.510  0.61  71.05 
  76585  -77.913  25.244   9.546  0.63  70.28 
  76586  -77.888  25.244   9.581  0.64  69.50 
  76587  -77.863  25.244   9.616  0.66  68.73 
  76588  -77.838  25.244   9.651  0.67  67.96 
  76589  -77.813  25.244   9.687  0.69  67.18 
  76590  -77.788  25.244   9.722  0.70  66.40 
  76591  -77.763  25.244   9.757  0.71  65.62 
  76592  -77.738  25.244   9.793  0.72  64.83 
  76593  -77.713  25.244   9.828  0.72  64.04 
  76594  -77.688  25.244   9.863  0.73  63.25 
  76595  -77.663  25.244   9.899  0.74  62.46 
  76596  -77.638  25.244   9.934  0.75  61.55 
  76597  -77.613  25.244   9.969  0.77  60.29 
  76598  -77.588  25.244  10.005  0.79  59.37 
  76599  -77.563  25.244  10.040  0.79  58.82 
  76600  -77.538  25.244  10.076  0.79  58.26 
  76601  -77.513  25.244  10.111  0.79  57.71 
  76602  -77.488  25.244  10.147  0.80  57.15 
  76603  -77.463  25.244  10.182  0.80  56.60 
  76604  -77.438  25.244  10.218  0.80  55.98 
  76605  -77.413  25.244  10.253  0.82  55.17 
  76606  -77.388  25.244  10.289  0.82  54.80 
  76607  -77.363  25.244  10.324  0.82  54.88 
  76608  -77.338  25.244  10.360  0.82  54.95 
  76609  -77.313  25.244  10.395  0.82  55.03 
  76610  -77.288  25.244  10.431  0.81  55.11 
  76611  -77.263  25.244  10.466  0.81  55.19 
  76612  -77.238  25.244  10.502  0.79  52.92 
  76613  -77.213  25.244  10.537  0.79  52.45 
  76614  -77.188  25.244  10.573  0.78  52.19 
  76615  -77.163  25.244  10.608  0.76  52.14 
  76616  -77.138  25.244  10.643  0.76  52.69 
  76617  -77.113  25.244  10.679  0.75  53.48 
  76618  -77.088  25.244  10.714  0.74  54.27 
  76619  -77.063  25.244  10.750  0.74  55.07 
  76620  -77.038  25.244  10.785  0.73  55.86 
  76621  -77.013  25.244  10.821  0.73  56.65 
  76622  -76.988  25.244  10.856  0.71  57.50 
  76623  -76.963  25.244  10.891  0.70  58.41 
  76624  -76.938  25.244  10.927  0.69  59.26 
  76625  -76.913  25.244  10.962  0.68  60.09 
  76626  -76.888  25.244  10.998  0.68  60.92 
  76627  -76.863  25.244  11.033  0.67  61.76 
  76628  -76.838  25.244  11.068  0.67  62.59 
  76629  -76.813  25.244  11.104  0.66  63.42 
  76630  -76.788  25.244  11.139  0.66  63.57 
  76631  -76.763  25.244  11.174  0.67  63.00 
  76632  -76.738  25.244  11.209  0.68  62.43 
  76633  -76.713  25.244  11.245  0.68  61.85 
  76634  -76.688  25.244  11.280  0.69  61.28 
  76635  -76.663  25.244  11.316  0.69  60.70 
  76636  -76.638  25.244  11.351  0.71  60.33 
  76637  -76.613  25.244  11.386  0.73  60.55 
  76638  -76.588  25.244  11.422  0.77  60.18 
  76639  -76.563  25.244  11.457  0.83  59.17 
  76640  -76.538  25.244  11.493  0.85  58.99 
  76641  -76.513  25.244  11.528  0.81  58.24 
  76642  -76.488  25.244  11.564  0.82  58.42 
  76643  -76.463  25.244  11.599  0.82  58.61 
  76644  -76.438  25.244  11.635  0.82  58.80 
  76645  -76.413  25.244  11.670  0.82  58.99 
  76646  -76.388  25.244  11.706  0.84  58.71 
  76647  -76.363  25.244  11.742  0.88  57.91 
  76648  -76.338  25.244  11.777  0.91  57.12 
  76649  -76.313  25.244  11.813  0.95  56.33 
  76650  -76.288  25.244  11.849  0.99  55.54 
  79965  -76.188  25.269  11.998  1.15  53.75 
  83280  -76.088  25.294  12.148  1.26  52.92 
  86595  -75.988  25.319  12.299  1.45  50.94 
  89910  -75.888  25.344  12.451  1.47  50.92 
  93225  -75.788  25.369  12.603  1.42  50.49 
  96540  -75.688  25.394  12.755  1.42  50.52 
  99855  -75.588  25.419  12.907  1.42  50.54 
 103170  -75.488  25.444  13.058  1.42  50.46 
 106485  -75.388  25.469  13.210  1.42  50.34 
 109800  -75.288  25.494  13.361  1.42  50.05 
 113115  -75.188  25.519  13.512  1.34  48.63 
 116430  -75.088  25.544  13.663  1.33  48.24 
 119745  -74.988  25.569  13.815  1.32  47.79 
 123060  -74.888  25.594  13.966  1.31  47.27 
 126375  -74.788  25.619  14.116  1.31  46.76 
 129690  -74.688  25.644  14.266  1.31  46.40 
 133005  -74.588  25.669  14.416  1.31  46.07 
 136320  -74.488  25.694  14.566  1.39  45.86 
 139635  -74.388  25.719  14.716  1.40  45.63 
 142950  -74.288  25.744  14.867  1.42  45.42 
 146265  -74.188  25.769  15.017  1.43  45.22 
 149580  -74.088  25.794  15.168  1.44  45.02 
 149581  -74.063  25.794  15.204  1.44  44.96 
 149582  -74.038  25.794  15.240  1.45  44.90 
 149583  -74.013  25.794  15.275  1.45  44.84 
 149584  -73.988  25.794  15.311  1.45  44.80 
 149585  -73.963  25.794  15.347  1.45  44.76 
 149586  -73.938  25.794  15.383  1.45  44.73 
 149587  -73.913  25.794  15.419  1.45  44.70 
 149588  -73.888  25.794  15.455  1.46  44.67 
 149589  -73.863  25.794  15.491  1.46  44.63 
 149590  -73.838  25.794  15.527  1.52  45.30 
 149591  -73.813  25.794  15.563  1.52  45.27 
 149592  -73.788  25.794  15.598  1.52  45.24 
 149593  -73.763  25.794  15.634  1.52  45.20 
 149594  -73.738  25.794  15.670  1.52  45.17 
 149595  -73.713  25.794  15.706  1.52  45.13 
 149596  -73.688  25.794  15.742  1.53  45.09 
 149597  -73.663  25.794  15.778  1.53  45.06 
 149598  -73.638  25.794  15.814  1.53  45.02 
 149599  -73.613  25.794  15.850  1.53  44.98 
 149600  -73.588  25.794  15.886  1.53  44.93 
 149601  -73.563  25.794  15.922  1.53  44.87 
 149602  -73.538  25.794  15.957  1.53  44.80 
 149603  -73.513  25.794  15.993  1.53  44.73 
 149604  -73.488  25.794  16.029  1.54  44.66 
 149605  -73.463  25.794  16.065  1.54  44.60 
 149606  -73.438  25.794  16.101  1.54  44.53 
 149607  -73.413  25.794  16.137  1.54  44.46 
 149608  -73.388  25.794  16.173  1.54  44.37 
 149609  -73.363  25.794  16.209  1.54  44.28 
 149610  -73.338  25.794  16.246  1.55  44.18 
 149611  -73.313  25.794  16.282  1.55  44.09 
 149612  -73.288  25.794  16.318  1.55  43.99 
 149613  -73.263  25.794  16.354  1.55  43.90 
 149614  -73.238  25.794  16.390  1.56  43.80 
 149615  -73.213  25.794  16.426  1.56  43.71 
 149616  -73.188  25.794  16.462  1.56  43.59 
 149617  -73.163  25.794  16.498  1.57  43.46 
 149618  -73.138  25.794  16.534  1.67  43.85 
 149619  -73.113  25.794  16.570  1.67  43.72 
 149620  -73.088  25.794  16.606  1.68  43.59 
 149621  -73.063  25.794  16.642  1.68  43.46 
 149622  -73.038  25.794  16.678  1.68  43.33 
 149623  -73.013  25.794  16.714  1.69  43.21 
 149624  -72.988  25.794  16.750  1.69  43.09 
 149625  -72.963  25.794  16.787  1.70  42.95 
 149626  -72.938  25.794  16.823  1.70  42.81 
 149627  -72.913  25.794  16.859  1.71  42.67 
 149628  -72.888  25.794  16.895  1.71  42.52 
 149629  -72.863  25.794  16.931  1.72  42.38 
 149630  -72.838  25.794  16.967  1.72  42.24 
 149631  -72.813  25.794  17.003  1.73  42.10 
 149632  -72.788  25.794  17.040  1.73  42.00 
 149633  -72.763  25.794  17.076  1.74  41.96 
 149634  -72.738  25.794  17.113  1.74  41.92 
 149635  -72.713  25.794  17.149  1.75  41.88 
 149636  -72.688  25.794  17.185  1.75  41.83 
 149637  -72.663  25.794  17.222  1.76  41.79 
 149638  -72.638  25.794  17.258  1.76  41.75 
 149639  -72.613  25.794  17.294  1.77  41.71 
 149640  -72.588  25.794  17.331  1.77  41.69 
 149641  -72.563  25.794  17.367  1.78  41.72 
 149642  -72.538  25.794  17.404  1.78  41.75 
 149643  -72.513  25.794  17.440  1.78  41.77 
 149644  -72.488  25.794  17.477  1.79  41.80 
 149645  -72.463  25.794  17.513  1.79  41.96 
 149646  -72.438  25.794  17.550  1.79  41.97 
 149647  -72.413  25.794  17.586  1.80  41.99 
 149648  -72.388  25.794  17.622  1.80  41.94 
 149649  -72.363  25.794  17.659  1.80  41.89 
 149650  -72.338  25.794  17.695  1.81  41.83 
 149651  -72.313  25.794  17.732  1.81  41.78 
 149652  -72.288  25.794  17.768  1.81  41.72 
 149653  -72.263  25.794  17.805  1.81  41.67 
 149654  -72.238  25.794  17.841  1.82  41.61 
 149655  -72.213  25.794  17.878  1.82  41.56 
 149656  -72.188  25.794  17.914  1.82  41.48 
 149657  -72.163  25.794  17.951  1.83  41.35 
 149658  -72.138  25.794  17.987  1.83  41.21 
 149659  -72.113  25.794  18.024  1.83  41.07 
 149660  -72.088  25.794  18.060  1.84  40.93 
 149661  -72.063  25.794  18.097  1.84  40.79 
 149662  -72.038  25.794  18.134  1.84  40.65 
 149663  -72.013  25.794  18.170  1.85  40.51 
 149664  -71.988  25.794  18.207  1.85  40.40 
 149665  -71.963  25.794  18.243  1.86  40.32 
 149666  -71.938  25.794  18.280  1.86  40.24 
 149667  -71.913  25.794  18.316  1.87  40.15 
 149668  -71.888  25.794  18.353  1.87  40.07 
 149669  -71.863  25.794  18.390  1.88  39.99 
 149670  -71.838  25.794  18.426  1.88  39.91 
 149671  -71.813  25.794  18.463  1.89  39.82 
 149672  -71.788  25.794  18.500  1.89  39.81 
 149673  -71.763  25.794  18.536  1.86  40.25 
 149674  -71.738  25.794  18.573  1.86  40.31 
 149675  -71.713  25.794  18.610  1.86  40.37 
 149676  -71.688  25.794  18.646  1.87  40.43 
 149677  -71.663  25.794  18.683  1.87  40.49 
 149678  -71.638  25.794  18.720  1.87  40.55 
 149679  -71.613  25.794  18.756  1.88  40.61 
 149680  -71.588  25.794  18.793  1.88  40.70 
 149681  -71.563  25.794  18.830  1.88  40.83 
 149682  -71.538  25.794  18.866  1.88  40.96 
 149683  -71.513  25.794  18.903  1.88  41.10 
 149684  -71.488  25.794  18.940  1.89  41.23 
 149685  -71.463  25.794  18.977  1.89  41.36 
 149686  -71.438  25.794  19.013  1.89  41.50 
 149687  -71.413  25.794  19.050  1.89  41.63 
 149688  -71.388  25.794  19.087  1.89  41.73 
 149689  -71.363  25.794  19.123  1.89  41.79 
 149690  -71.338  25.794  19.160  1.89  41.85 
 149691  -71.313  25.794  19.196  1.89  41.91 
 149692  -71.288  25.794  19.233  1.89  41.98 
 149693  -71.263  25.794  19.270  1.89  42.04 
 149694  -71.238  25.794  19.306  1.89  42.10 
 149695  -71.213  25.794  19.343  1.89  42.16 
 149696  -71.188  25.794  19.380  1.89  42.21 
 149697  -71.163  25.794  19.416  1.89  42.23 
 149698  -71.138  25.794  19.453  1.89  42.25 
 149699  -71.113  25.794  19.490  1.89  42.27 
 149700  -71.088  25.794  19.526  1.88  42.33 
 149701  -71.063  25.794  19.563  1.88  42.37 
 149702  -71.038  25.794  19.600  1.88  42.42 
 149703  -71.013  25.794  19.636  1.88  42.47 
 149704  -70.988  25.794  19.673  1.88  42.50 
 149705  -70.963  25.794  19.709  1.88  42.51 
 149706  -70.938  25.794  19.746  1.88  42.53 
 149707  -70.913  25.794  19.783  1.88  42.54 
 149708  -70.888  25.794  19.819  1.89  42.56 
 149709  -70.863  25.794  19.856  1.89  42.57 
 149710  -70.838  25.794  19.893  1.89  42.59 
 149711  -70.813  25.794  19.929  1.89  42.60 
 149712  -70.788  25.794  19.966  1.89  42.62 
 149713  -70.763  25.794  20.003  1.89  42.63 
 149714  -70.738  25.794  20.039  1.89  42.65 
 149715  -70.713  25.794  20.076  1.89  42.67 
 149716  -70.688  25.794  20.113  1.89  42.68 
 149717  -70.663  25.794  20.149  1.89  42.70 
 149718  -70.638  25.794  20.186  1.89  42.71 
 149719  -70.613  25.794  20.223  1.89  42.73 
 149720  -70.588  25.794  20.259  1.89  42.75 
 149721  -70.563  25.794  20.296  1.89  42.76 
 149722  -70.538  25.794  20.332  1.89  42.78 
 149723  -70.513  25.794  20.369  1.89  42.80 
 149724  -70.488  25.794  20.406  1.89  42.82 
 149725  -70.463  25.794  20.442  1.89  42.84 
 149726  -70.438  25.794  20.479  1.89  42.86 
 149727  -70.413  25.794  20.516  1.83  40.89 
 149728  -70.388  25.794  20.552  1.83  40.87 
 149729  -70.363  25.794  20.589  1.83  40.84 
 149730  -70.338  25.794  20.626  1.83  40.81 
 149731  -70.313  25.794  20.662  1.83  40.78 
 149732  -70.288  25.794  20.699  1.83  40.75 
 149733  -70.263  25.794  20.736  1.83  40.72 
 149734  -70.238  25.794  20.772  1.83  40.69 
 149735  -70.213  25.794  20.809  1.83  40.66 
 149736  -70.188  25.794  20.845  1.83  40.63 
 149737  -70.163  25.794  20.882  1.83  40.60 
 149738  -70.138  25.794  20.919  1.83  40.57 
 149739  -70.113  25.794  20.955  1.83  40.53 
 149740  -70.088  25.794  20.992  1.82  40.50 
 149741  -70.063  25.794  21.029  1.82  40.47 
 149742  -70.038  25.794  21.065  1.82  40.44 
 149743  -70.013  25.794  21.102  1.82  40.40 
 149744  -69.988  25.794  21.138  1.82  40.38 
 149745  -69.963  25.794  21.175  1.82  40.34 
 149746  -69.938  25.794  21.211  1.82  40.31 
 149747  -69.913  25.794  21.248  1.82  40.28 
 149748  -69.888  25.794  21.284  1.81  40.25 
 149749  -69.863  25.794  21.321  1.81  40.21 
 149750  -69.838  25.794  21.357  1.81  40.18 
 149751  -69.813  25.794  21.394  1.81  40.15 
 149752  -69.788  25.794  21.430  1.81  40.11 
 149753  -69.763  25.794  21.467  1.81  40.08 
 149754  -69.738  25.794  21.503  1.78  37.94 
 149755  -69.713  25.794  21.540  1.78  37.90 
 149756  -69.688  25.794  21.576  1.77  37.87 
 149757  -69.663  25.794  21.612  1.77  37.83 
 149758  -69.638  25.794  21.649  1.77  37.80 
 149759  -69.613  25.794  21.685  1.77  37.76 
 149760  -69.588  25.794  21.722  1.77  37.73 
 149761  -69.563  25.794  21.758  1.77  37.70 
 149762  -69.538  25.794  21.795  1.77  37.66 
 149763  -69.513  25.794  21.831  1.77  37.63 
 149764  -69.488  25.794  21.868  1.77  37.60 
 149765  -69.463  25.794  21.904  1.77  37.56 
 149766  -69.438  25.794  21.941  1.77  37.53 
 149767  -69.413  25.794  21.977  1.77  37.49 
 149768  -69.388  25.794  22.014  1.77  37.46 
 149769  -69.363  25.794  22.050  1.77  37.44 
 149770  -69.338  25.794  22.087  1.77  37.41 
 149771  -69.313  25.794  22.123  1.77  37.39 
 149772  -69.288  25.794  22.159  1.76  37.36 
 149773  -69.263  25.794  22.196  1.76  37.34 
 149774  -69.238  25.794  22.232  1.76  37.31 
 149775  -69.213  25.794  22.269  1.76  37.29 
 149776  -69.188  25.794  22.305  1.76  37.28 
 149777  -69.163  25.794  22.341  1.76  37.27 
 149778  -69.138  25.794  22.378  1.76  37.27 
 149779  -69.113  25.794  22.414  1.76  37.26 
 149780  -69.088  25.794  22.450  1.75  37.26 
 149781  -69.063  25.794  22.487  1.75  37.26 
 149782  -69.038  25.794  22.523  1.74  35.43 
 149783  -69.013  25.794  22.560  1.74  35.42 
 149784  -68.988  25.794  22.596  1.74  35.42 
 149785  -68.963  25.794  22.632  1.74  35.43 
 149786  -68.938  25.794  22.669  1.74  35.44 
 149787  -68.913  25.794  22.705  1.74  35.46 
 149788  -68.888  25.794  22.741  1.73  35.47 
 149789  -68.863  25.794  22.778  1.73  35.48 
 149790  -68.838  25.794  22.814  1.73  35.49 
 149791  -68.813  25.794  22.851  1.73  35.51 
 149792  -68.788  25.794  22.887  1.73  35.50 
 149793  -68.763  25.794  22.923  1.73  35.50 
 149794  -68.738  25.794  22.960  1.73  35.49 
 149795  -68.713  25.794  22.996  1.73  35.49 
 149796  -68.688  25.794  23.032  1.73  35.48 
 149797  -68.663  25.794  23.069  1.73  35.47 
 149798  -68.638  25.794  23.105  1.73  35.47 
 149799  -68.613  25.794  23.141  1.73  35.46 
 149800  -68.588  25.794  23.178  1.73  35.44 
 149801  -68.563  25.794  23.214  1.73  35.40 
 149802  -68.538  25.794  23.250  1.73  35.36 
 149803  -68.513  25.794  23.287  1.73  35.32 
 149804  -68.488  25.794  23.323  1.73  35.28 
 149805  -68.463  25.794  23.359  1.73  35.24 
 149806  -68.438  25.794  23.396  1.73  35.20 
 149807  -68.413  25.794  23.432  1.73  35.16 
 149808  -68.388  25.794  23.468  1.73  35.10 
 149809  -68.363  25.794  23.505  1.75  32.46 
 149810  -68.338  25.794  23.541  1.75  32.33 
 149811  -68.313  25.794  23.577  1.75  32.20 
 149812  -68.288  25.794  23.614  1.75  32.06 
 149813  -68.263  25.794  23.650  1.76  31.93 
 149814  -68.238  25.794  23.686  1.76  31.80 
 149815  -68.213  25.794  23.723  1.76  31.67 
 149816  -68.188  25.794  23.759  1.76  31.58 
 149817  -68.163  25.794  23.796  1.76  31.53 
 149818  -68.138  25.794  23.832  1.76  31.49 
 149819  -68.113  25.794  23.868  1.76  31.44 
 149820  -68.088  25.794  23.905  1.76  31.39 
 149821  -68.063  25.794  23.941  1.77  31.35 
 149822  -68.038  25.794  23.977  1.77  31.30 
 149823  -68.013  25.794  24.014  1.77  31.26 
 149824  -67.988  25.794  24.050  1.77  31.24 
 149825  -67.963  25.794  24.087  1.77  31.25 
 149826  -67.938  25.794  24.123  1.77  31.26 
 149827  -67.913  25.794  24.159  1.77  31.28 
 149828  -67.888  25.794  24.196  1.77  31.29 
 149829  -67.863  25.794  24.232  1.78  31.30 
 149830  -67.838  25.794  24.269  1.78  31.31 
 149831  -67.813  25.794  24.305  1.78  31.33 
 149832  -67.788  25.794  24.342  1.78  31.34 
 149833  -67.763  25.794  24.378  1.78  31.35 
 149834  -67.738  25.794  24.414  1.78  31.36 
 149835  -67.713  25.794  24.451  1.78  31.38 
 149836  -67.688  25.794  24.487  1.79  31.39 
 149837  -67.663  25.794  24.524  1.80  28.27 
 149838  -67.638  25.794  24.560  1.80  28.26 
 149839  -67.613  25.794  24.597  1.80  28.24 
 149840  -67.588  25.794  24.633  1.80  28.21 
 149841  -67.563  25.794  24.669  1.80  28.17 
 149842  -67.538  25.794  24.706  1.80  28.13 
 149843  -67.513  25.794  24.742  1.79  28.08 
 149844  -67.488  25.794  24.779  1.79  28.04 
 149845  -67.463  25.794  24.815  1.79  28.00 
 149846  -67.438  25.794  24.852  1.79  27.96 
 149847  -67.413  25.794  24.888  1.79  27.91 
 149848  -67.388  25.794  24.925  1.79  27.85 
 149849  -67.363  25.794  24.961  1.79  27.77 
 149850  -67.338  25.794  24.997  1.78  27.69 
 149851  -67.313  25.794  25.034  1.78  27.60 
 149852  -67.288  25.794  25.070  1.78  27.52 
 149853  -67.263  25.794  25.107  1.78  27.44 
 149854  -67.238  25.794  25.143  1.77  27.36 
 149855  -67.213  25.794  25.179  1.77  27.28 
 149856  -67.188  25.794  25.216  1.77  27.22 
 149857  -67.163  25.794  25.252  1.77  27.15 
 149858  -67.138  25.794  25.289  1.77  27.08 
 149859  -67.113  25.794  25.325  1.76  27.00 
 149860  -67.088  25.794  25.362  1.76  26.93 
 149861  -67.063  25.794  25.398  1.76  26.86 
 149862  -67.038  25.794  25.434  1.76  26.79 
 149863  -67.013  25.794  25.471  1.76  26.71 
 149864  -66.988  25.794  25.507  1.81  23.48 
 149865  -66.963  25.794  25.543  1.81  23.60 
 149866  -66.938  25.794  25.580  1.81  23.72 
 149867  -66.913  25.794  25.616  1.80  23.84 
 149868  -66.888  25.794  25.653  1.80  23.96 
 149869  -66.863  25.794  25.689  1.80  24.08 
 149870  -66.838  25.794  25.725  1.80  24.20 
 149871  -66.813  25.794  25.762  1.80  24.32 
 149872  -66.788  25.794  25.798  1.80  24.36 
 149873  -66.763  25.794  25.835  1.80  24.34 
 149874  -66.738  25.794  25.871  1.79  24.31 
 149875  -66.713  25.794  25.907  1.79  24.28 
 149876  -66.688  25.794  25.944  1.79  24.25 
 149877  -66.663  25.794  25.980  1.79  24.23 
 149878  -66.638  25.794  26.016  1.78  24.20 
 149879  -66.613  25.794  26.053  1.78  24.17 
 149880  -66.588  25.794  26.089  1.78  24.16 
 149881  -66.563  25.794  26.126  1.78  24.13 
 149882  -66.538  25.794  26.162  1.78  24.10 
 149883  -66.513  25.794  26.199  1.77  24.07 
 149884  -66.488  25.794  26.235  1.77  24.04 
 149885  -66.463  25.794  26.271  1.77  24.01 
 149886  -66.438  25.794  26.308  1.77  23.98 
 149887  -66.413  25.794  26.344  1.77  23.96 
 149888  -66.388  25.794  26.381  1.77  23.94 
 149889  -66.363  25.794  26.417  1.76  24.00 
 149890  -66.338  25.794  26.453  1.76  24.06 
 149891  -66.313  25.794  26.490  1.76  24.12 
 149892  -66.288  25.794  26.526  1.77  19.16 
 149893  -66.263  25.794  26.563  1.77  19.09 
 149894  -66.238  25.794  26.599  1.76  19.02 
 149895  -66.213  25.794  26.635  1.76  18.95 
 149896  -66.188  25.794  26.672  1.76  18.89 
 149897  -66.163  25.794  26.708  1.75  18.82 
 149898  -66.138  25.794  26.744  1.75  18.76 
 149899  -66.113  25.794  26.781  1.75  18.70 
 149900  -66.088  25.794  26.817  1.74  18.64 
 149901  -66.063  25.794  26.853  1.74  18.58 
 149902  -66.038  25.794  26.890  1.73  18.52 
 149903  -66.013  25.794  26.926  1.73  18.46 
 149904  -65.988  25.794  26.962  1.73  18.41 
 149905  -65.963  25.794  26.999  1.73  18.37 
 149906  -65.938  25.794  27.035  1.72  18.34 
 149907  -65.913  25.794  27.071  1.72  18.30 
 149908  -65.888  25.794  27.108  1.72  18.26 
 149909  -65.863  25.794  27.144  1.72  18.23 
 149910  -65.838  25.794  27.180  1.71  18.19 
 149911  -65.813  25.794  27.217  1.71  18.15 
 149912  -65.788  25.794  27.253  1.71  18.11 
 149913  -65.763  25.794  27.289  1.71  18.06 
 149914  -65.738  25.794  27.326  1.70  18.02 
 149915  -65.713  25.794  27.362  1.70  17.97 
 149916  -65.688  25.794  27.398  1.70  17.92 
 149917  -65.663  25.794  27.434  1.70  17.87 
 149918  -65.638  25.794  27.471  1.69  17.83 
 149919  -65.613  25.794  27.507  1.75  12.16 
 149920  -65.588  25.794  27.543  1.75  12.12 
 149921  -65.563  25.794  27.579  1.75  12.08 
 149922  -65.538  25.794  27.616  1.74  12.04 
 149923  -65.513  25.794  27.652  1.74  12.01 
 149924  -65.488  25.794  27.688  1.74  11.97 
 149925  -65.463  25.794  27.724  1.74  11.93 
 149926  -65.438  25.794  27.761  1.73  11.89 
 149927  -65.413  25.794  27.797  1.73  11.86 
 149928  -65.388  25.794  27.833  1.73  11.83 
 149929  -65.363  25.794  27.869  1.73  11.79 
 149930  -65.338  25.794  27.906  1.73  11.75 
 149931  -65.313  25.794  27.942  1.72  11.71 
 149932  -65.288  25.794  27.978  1.72  11.67 
 149933  -65.263  25.794  28.014  1.72  11.63 
 149934  -65.238  25.794  28.051  1.72  11.59 
 149935  -65.213  25.794  28.087  1.72  11.55 
 149936  -65.188  25.794  28.123  1.72  11.51 
 149937  -65.163  25.794  28.160  1.72  11.48 
 149938  -65.138  25.794  28.196  1.72  11.44 
 149939  -65.113  25.794  28.232  1.71  11.41 
 149940  -65.088  25.794  28.268  1.71  11.37 
 149941  -65.063  25.794  28.305  1.71  11.34 
 149942  -65.038  25.794  28.341  1.71  11.31 
 149943  -65.013  25.794  28.377  1.71  11.27 
 149944  -64.988  25.794  28.414  1.71  11.25 
 149945  -64.963  25.794  28.450  1.71  11.23 
 149946  -64.938  25.794  28.486  1.71  11.21 
 149947  -64.913  25.794  28.523  1.81   6.34 
 149948  -64.888  25.794  28.559  1.81   6.29 
 149949  -64.863  25.794  28.595  1.81   6.25 
 149950  -64.838  25.794  28.632  1.81   6.21 
 149951  -64.813  25.794  28.668  1.81   6.17 
 149952  -64.788  25.794  28.704  1.81   6.15 
 149953  -64.763  25.794  28.740  1.81   6.13 
 149954  -64.738  25.794  28.777  1.81   6.11 
 149955  -64.713  25.794  28.813  1.80   6.09 
 149956  -64.688  25.794  28.849  1.80   6.07 
 149957  -64.663  25.794  28.886  1.80   6.05 
 149958  -64.638  25.794  28.922  1.80   6.03 
 149959  -64.613  25.794  28.958  1.80   6.01 
 149960  -64.588  25.794  28.995  1.80   5.99 
 149961  -64.563  25.794  29.031  1.80   5.97 
 149962  -64.538  25.794  29.067  1.80   5.95 
 149963  -64.513  25.794  29.104  1.80   5.94 
 149964  -64.488  25.794  29.140  1.80   5.92 
 149965  -64.463  25.794  29.177  1.80   5.90 
 149966  -64.438  25.794  29.213  1.80   5.88 
 149967  -64.413  25.794  29.250  1.80   5.87 
 149968  -64.388  25.794  29.286  1.80   5.87 
 149969  -64.363  25.794  29.323  1.80   5.88 
 149970  -64.338  25.794  29.359  1.80   5.89 
 149971  -64.313  25.794  29.396  1.79   5.90 
 149972  -64.288  25.794  29.432  1.79   5.91 
 149973  -64.263  25.794  29.469  1.79   5.92 
 149974  -64.238  25.794  29.505  1.86   1.37 
 149975  -64.213  25.794  29.541  1.86   1.38 
 149976  -64.188  25.794  29.578  1.86   1.39 
 149977  -64.163  25.794  29.614  1.86   1.41 
 149978  -64.138  25.794  29.651  1.86   1.43 
 149979  -64.113  25.794  29.687  1.86   1.45 
 149980  -64.088  25.794  29.724  1.86   1.47 
 149981  -64.063  25.794  29.760  1.86   1.50 
 149982  -64.038  25.794  29.796  1.86   1.52 
 149983  -64.013  25.794  29.833  1.86   1.54 
 149984  -63.988  25.794  29.869  1.86   1.55 
 149985  -63.963  25.794  29.906  1.86   1.57 
 149986  -63.938  25.794  29.942  1.85   1.58 
 149987  -63.913  25.794  29.978  1.85   1.60 
 149988  -63.888  25.794  30.015  1.85   1.61 
 149989  -63.863  25.794  30.052  1.85   1.63 
 149990  -63.838  25.794  30.088  1.84   1.64 
 149991  -63.813  25.794  30.125  1.84   1.66 
 149992  -63.788  25.794  30.161  1.84   1.66 
 149993  -63.763  25.794  30.198  1.83   1.66 
 149994  -63.738  25.794  30.234  1.83   1.66 
 149995  -63.713  25.794  30.271  1.83   1.66 
 149996  -63.688  25.794  30.307  1.82   1.66 
 149997  -63.663  25.794  30.344  1.82   1.66 
 149998  -63.638  25.794  30.380  1.81   1.66 
 149999  -63.613  25.794  30.417  1.81   1.66 
 150000  -63.588  25.794  30.453  1.81   1.64 
 150001  -63.563  25.794  30.490  1.81   1.63 
 150002  -63.538  25.794  30.526  1.86 358.49 
 150003  -63.513  25.794  30.563  1.86 358.47 
 150004  -63.488  25.794  30.599  1.86 358.46 
 150005  -63.463  25.794  30.636  1.86 358.44 
 150006  -63.438  25.794  30.672  1.85 358.42 
 150007  -63.413  25.794  30.708  1.85 358.40 
 150008  -63.388  25.794  30.745  1.85 358.38 
 150009  -63.363  25.794  30.781  1.85 358.37 
 150010  -63.338  25.794  30.818  1.84 358.35 
 150011  -63.313  25.794  30.854  1.84 358.33 
 150012  -63.288  25.794  30.891  1.84 358.32 
 150013  -63.263  25.794  30.927  1.84 358.30 
 150014  -63.238  25.794  30.964  1.83 358.28 
 150015  -63.213  25.794  31.000  1.83 358.27 
 150016  -63.188  25.794  31.036  1.83 358.26 
 150017  -63.163  25.794  31.073  1.82 358.25 
 150018  -63.138  25.794  31.109  1.82 358.23 
 150019  -63.113  25.794  31.146  1.82 358.22 
 150020  -63.088  25.794  31.182  1.81 358.20 
 150021  -63.063  25.794  31.219  1.81 358.19 
 150022  -63.038  25.794  31.255  1.80 358.18 
 150023  -63.013  25.794  31.292  1.80 358.16 
 150024  -62.988  25.794  31.328  1.80 358.04 
 150025  -62.963  25.794  31.365  1.80 357.81 
 150026  -62.938  25.794  31.401  1.79 357.58 
 150027  -62.913  25.794  31.438  1.79 357.35 
 150028  -62.888  25.794  31.474  1.79 357.12 
 150029  -62.863  25.794  31.511  1.83 354.17 
 150030  -62.838  25.794  31.547  1.82 353.93 
 150031  -62.813  25.794  31.584  1.82 353.69 
 150032  -62.788  25.794  31.620  1.82 353.52 
 150033  -62.763  25.794  31.656  1.82 353.38 
 150034  -62.738  25.794  31.693  1.82 353.24 
 150035  -62.713  25.794  31.729  1.81 353.09 
 150036  -62.688  25.794  31.766  1.81 352.95 
 150037  -62.663  25.794  31.802  1.81 352.81 
 150038  -62.638  25.794  31.839  1.81 352.67 
 150039  -62.613  25.794  31.875  1.81 352.53 
 150040  -62.588  25.794  31.911  1.81 352.40 
 150041  -62.563  25.794  31.948  1.81 352.32 
 150042  -62.538  25.794  31.984  1.81 352.24 
 150043  -62.513  25.794  32.021  1.81 352.17 
 150044  -62.488  25.794  32.057  1.81 352.09 
 150045  -62.463  25.794  32.094  1.82 352.01 
 150046  -62.438  25.794  32.130  1.82 351.93 
 150047  -62.413  25.794  32.167  1.82 351.85 
 150048  -62.388  25.794  32.203  1.82 351.78 
 150049  -62.363  25.794  32.240  1.82 351.72 
 150050  -62.338  25.794  32.276  1.82 351.67 
 150051  -62.313  25.794  32.313  1.82 351.61 
 150052  -62.288  25.794  32.349  1.82 351.55 
 150053  -62.263  25.794  32.386  1.82 351.49 
 150054  -62.238  25.794  32.422  1.82 351.44 
 150055  -62.213  25.794  32.459  1.82 351.38 
 150056  -62.188  25.794  32.495  1.82 351.33 
 150057  -62.163  25.794  32.532  1.85 349.09 
 150058  -62.138  25.794  32.568  1.85 349.04 
 150059  -62.113  25.794  32.605  1.85 348.99 
 150060  -62.088  25.794  32.641  1.85 348.94 
 150061  -62.063  25.794  32.678  1.85 348.90 
 150062  -62.038  25.794  32.714  1.85 348.85 
 150063  -62.013  25.794  32.751  1.85 348.80 
 150064  -61.988  25.794  32.787  1.85 348.76 
 150065  -61.963  25.794  32.824  1.85 348.73 
 150066  -61.938  25.794  32.860  1.85 348.70 
 150067  -61.913  25.794  32.897  1.85 348.67 
 150068  -61.888  25.794  32.933  1.85 348.63 
 150069  -61.863  25.794  32.970  1.85 348.60 
 150070  -61.838  25.794  33.006  1.85 348.57 
 150071  -61.813  25.794  33.043  1.85 348.54 
 150072  -61.788  25.794  33.079  1.85 348.51 
 150073  -61.763  25.794  33.116  1.85 348.49 
 150074  -61.738  25.794  33.152  1.85 348.47 
 150075  -61.713  25.794  33.189  1.85 348.45 
 150076  -61.688  25.794  33.226  1.85 348.43 
 150077  -61.663  25.794  33.262  1.85 348.41 
 150078  -61.638  25.794  33.299  1.85 348.39 
 150079  -61.613  25.794  33.335  1.85 348.37 
 150080  -61.588  25.794  33.372  1.85 348.35 
 150081  -61.563  25.794  33.408  1.85 348.36 
 150082  -61.538  25.794  33.445  1.85 348.36 
 150083  -61.513  25.794  33.481  1.85 348.36 
 150084  -61.488  25.794  33.518  1.88 345.28 
 150085  -61.463  25.794  33.555  1.88 345.27 
 150086  -61.438  25.794  33.591  1.88 345.26 
 150087  -61.413  25.794  33.628  1.88 345.25 
 150088  -61.388  25.794  33.664  1.88 345.25 
 150089  -61.363  25.794  33.701  1.88 345.22 
 150090  -61.338  25.794  33.738  1.88 345.20 
 150091  -61.313  25.794  33.774  1.88 345.17 
 150092  -61.288  25.794  33.811  1.89 345.15 
 150093  -61.263  25.794  33.847  1.89 345.13 
 150094  -61.238  25.794  33.884  1.89 345.10 
 150095  -61.213  25.794  33.920  1.89 345.08 
 150096  -61.188  25.794  33.957  1.89 345.05 
 150097  -61.163  25.794  33.994  1.89 345.02 
 150098  -61.138  25.794  34.030  1.89 344.99 
 150099  -61.113  25.794  34.067  1.89 344.96 
 150100  -61.088  25.794  34.104  1.89 344.93 
 150101  -61.063  25.794  34.140  1.89 344.90 
 150102  -61.038  25.794  34.177  1.89 344.86 
 150103  -61.013  25.794  34.213  1.89 344.83 
 150104  -60.988  25.794  34.250  1.89 344.83 
 150105  -60.963  25.794  34.287  1.89 344.82 
 150106  -60.938  25.794  34.323  1.89 344.81 
 150107  -60.913  25.794  34.360  1.89 344.80 
 150108  -60.888  25.794  34.397  1.90 344.79 
 150109  -60.863  25.794  34.433  1.90 344.78 
 150110  -60.838  25.794  34.470  1.90 344.77 
 150111  -60.813  25.794  34.507  1.89 345.82 
 150112  -60.788  25.794  34.543  1.89 345.84 
 150113  -60.763  25.794  34.580  1.89 345.78 
 150114  -60.738  25.794  34.617  1.89 345.71 
 150115  -60.713  25.794  34.653  1.89 345.64 
 150116  -60.688  25.794  34.690  1.89 345.58 
 150117  -60.663  25.794  34.727  1.89 345.51 
 150118  -60.638  25.794  34.763  1.89 345.45 
 150119  -60.613  25.794  34.800  1.89 345.38 
 150120  -60.588  25.794  34.837  1.89 345.26 
 150121  -60.563  25.794  34.873  1.89 345.09 
 150122  -60.538  25.794  34.910  1.89 344.92 
 150123  -60.513  25.794  34.947  1.89 344.75 
 150124  -60.488  25.794  34.983  1.89 344.58 
 150125  -60.463  25.794  35.020  1.89 344.41 
 150126  -60.438  25.794  35.057  1.89 344.24 
 150127  -60.413  25.794  35.093  1.89 344.07 
 150128  -60.388  25.794  35.130  1.89 343.88 
 150129  -60.363  25.794  35.166  1.89 343.66 
 150130  -60.338  25.794  35.203  1.89 343.44 
 150131  -60.313  25.794  35.240  1.89 343.22 
 150132  -60.288  25.794  35.276  1.89 343.00 
 150133  -60.263  25.794  35.313  1.90 342.78 
 150134  -60.238  25.794  35.350  1.90 342.56 
 150135  -60.213  25.794  35.386  1.90 342.34 
 150136  -60.188  25.794  35.423  1.90 342.21 
 150137  -60.163  25.794  35.460  1.90 342.16 
 150138  -60.138  25.794  35.496  1.90 342.11 
 150139  -60.113  25.794  35.533  1.88 342.95 
 150140  -60.088  25.794  35.570  1.88 342.89 
 150141  -60.063  25.794  35.606  1.88 342.83 
 150142  -60.038  25.794  35.643  1.89 342.77 
 150143  -60.013  25.794  35.680  1.89 342.71 
 150144  -59.988  25.794  35.716  1.89 342.67 
 150145  -59.963  25.794  35.753  1.89 342.67 
 150146  -59.938  25.794  35.790  1.89 342.68 
 150147  -59.913  25.794  35.826  1.89 342.68 
 150148  -59.888  25.794  35.863  1.89 342.69 
 150149  -59.863  25.794  35.900  1.89 342.69 
 150150  -59.838  25.794  35.936  1.89 342.70 
 150151  -59.813  25.794  35.973  1.89 342.70 
 150152  -59.788  25.794  36.010  1.89 342.70 
 150153  -59.763  25.794  36.046  1.89 342.72 
 150154  -59.738  25.794  36.083  1.89 342.73 
 150155  -59.713  25.794  36.120  1.89 342.75 
 150156  -59.688  25.794  36.156  1.90 342.76 
 150157  -59.663  25.794  36.193  1.90 342.77 
 150158  -59.638  25.794  36.230  1.90 342.79 
 150159  -59.613  25.794  36.266  1.90 342.80 
 150160  -59.588  25.794  36.303  1.90 342.81 
 150161  -59.563  25.794  36.339  1.90 342.84 
 150162  -59.538  25.794  36.376  1.90 342.87 
 150163  -59.513  25.794  36.413  1.90 342.90 
 150164  -59.488  25.794  36.449  1.90 342.92 
 150165  -59.463  25.794  36.486  1.90 342.95 
 150166  -59.438  25.794  36.523  1.86 343.89 
 150167  -59.413  25.794  36.559  1.86 343.83 
 150168  -59.388  25.794  36.596  1.86 343.76 
 150169  -59.363  25.794  36.633  1.86 343.67 
 150170  -59.338  25.794  36.669  1.86 343.58 
 150171  -59.313  25.794  36.706  1.86 343.49 
 150172  -59.288  25.794  36.743  1.85 343.40 
 150173  -59.263  25.794  36.779  1.85 343.31 
 150174  -59.238  25.794  36.816  1.85 343.23 
 150175  -59.213  25.794  36.853  1.85 343.14 
 150176  -59.188  25.794  36.889  1.85 343.06 
 150177  -59.163  25.794  36.926  1.85 342.92 
 150178  -59.138  25.794  36.963  1.84 342.79 
 150179  -59.113  25.794  36.999  1.84 342.66 
 150180  -59.088  25.794  37.036  1.84 342.53 
 150181  -59.063  25.794  37.072  1.84 342.39 
 150182  -59.038  25.794  37.109  1.83 342.26 
 150183  -59.013  25.794  37.145  1.83 342.13 
 150184  -58.988  25.794  37.182  1.83 341.99 
 150185  -58.963  25.794  37.218  1.83 341.83 
 150186  -58.938  25.794  37.255  1.82 341.68 
 150187  -58.913  25.794  37.291  1.82 341.53 
 150188  -58.888  25.794  37.328  1.82 341.38 
 150189  -58.863  25.794  37.364  1.82 341.22 
 150190  -58.838  25.794  37.401  1.81 341.07 
 150191  -58.813  25.794  37.437  1.81 340.92 
 150192  -58.788  25.794  37.474  1.81 340.77 
 150193  -58.763  25.794  37.510  1.79 341.48 
 150194  -58.738  25.794  37.547  1.79 341.29 
 150195  -58.713  25.794  37.583  1.79 341.11 
 150196  -58.688  25.794  37.620  1.78 340.92 
 150197  -58.663  25.794  37.656  1.78 340.74 
 150198  -58.638  25.794  37.693  1.78 340.56 
 150199  -58.613  25.794  37.729  1.78 340.37 
 150200  -58.588  25.794  37.766  1.78 340.21 
 150201  -58.563  25.794  37.802  1.78 340.08 
 150202  -58.538  25.794  37.839  1.78 339.95 
 150203  -58.513  25.794  37.875  1.78 339.82 
 150204  -58.488  25.794  37.912  1.77 339.68 
 150205  -58.463  25.794  37.948  1.77 339.55 
 150206  -58.438  25.794  37.985  1.77 339.42 
 150207  -58.413  25.794  38.021  1.77 339.29 
 150208  -58.388  25.794  38.057  1.77 339.15 
 150209  -58.363  25.794  38.094  1.77 338.97 
 150210  -58.338  25.794  38.130  1.77 338.80 
 150211  -58.313  25.794  38.167  1.77 338.62 
 150212  -58.288  25.794  38.203  1.76 338.44 
 150213  -58.263  25.794  38.239  1.76 338.27 
 150214  -58.238  25.794  38.276  1.76 338.09 
 150215  -58.213  25.794  38.312  1.76 337.91 
 150216  -58.188  25.794  38.349  1.76 337.69 
 150217  -58.163  25.794  38.385  1.76 337.41 
 150218  -58.138  25.794  38.421  1.76 337.13 
 150219  -58.113  25.794  38.458  1.76 336.86 
 150220  -58.088  25.794  38.494  1.77 336.58 
 150221  -58.063  25.794  38.531  1.84 337.64 
 150222  -58.038  25.794  38.567  1.84 337.39 
 150223  -58.013  25.794  38.603  1.84 337.14 
 150224  -57.988  25.794  38.640  1.84 336.89 
 150225  -57.963  25.794  38.676  1.84 336.62 
 150226  -57.938  25.794  38.713  1.84 336.35 
 150227  -57.913  25.794  38.749  1.84 336.07 
 150228  -57.888  25.794  38.786  1.84 335.80 
 150229  -57.863  25.794  38.822  1.85 335.52 
 150230  -57.838  25.794  38.858  1.85 335.25 
 150231  -57.813  25.794  38.895  1.85 334.98 
 150232  -57.788  25.794  38.931  1.85 334.74 
 150233  -57.763  25.794  38.968  1.85 334.62 
 150234  -57.738  25.794  39.004  1.86 334.49 
 150235  -57.713  25.794  39.041  1.86 334.37 
 150236  -57.688  25.794  39.078  1.87 334.25 
 150237  -57.663  25.794  39.114  1.87 334.12 
 150238  -57.638  25.794  39.151  1.87 334.00 
 150239  -57.613  25.794  39.187  1.88 333.88 
 150240  -57.588  25.794  39.224  1.88 333.81 
 150241  -57.563  25.794  39.261  1.88 333.80 
 150242  -57.538  25.794  39.297  1.89 333.80 
 150243  -57.513  25.794  39.334  1.89 333.79 
 150244  -57.488  25.794  39.371  1.89 333.78 
 150245  -57.463  25.794  39.407  1.89 333.77 
 150246  -57.438  25.794  39.444  1.90 333.77 
 150247  -57.413  25.794  39.481  1.90 333.76 
 150248  -57.388  25.794  39.517  1.91 333.59 
 150249  -57.363  25.794  39.554  1.91 333.45 
 150250  -57.338  25.794  39.591  1.91 333.31 
 150251  -57.313  25.794  39.627  1.91 333.17 
 150252  -57.288  25.794  39.664  1.90 333.03 
 150253  -57.263  25.794  39.701  1.90 332.89 
 150254  -57.238  25.794  39.737  1.90 332.75 
 150255  -57.213  25.794  39.774  1.90 332.62 
 150256  -57.188  25.794  39.811  1.90 332.48 
 150257  -57.163  25.794  39.847  1.90 332.35 
 150258  -57.138  25.794  39.884  1.90 332.22 
 150259  -57.113  25.794  39.920  1.90 332.09 
 150260  -57.088  25.794  39.957  1.90 331.96 
 150261  -57.063  25.794  39.994  1.90 331.83 
 150262  -57.038  25.794  40.030  1.90 331.69 
 150263  -57.013  25.794  40.067  1.90 331.56 
 150264  -56.988  25.794  40.104  1.90 331.44 
 150265  -56.963  25.794  40.140  1.90 331.33 
 150266  -56.938  25.794  40.177  1.90 331.22 
 150267  -56.913  25.794  40.214  1.90 331.11 
 150268  -56.888  25.794  40.250  1.89 331.00 
 150269  -56.863  25.794  40.287  1.89 330.89 
 150270  -56.838  25.794  40.324  1.89 330.78 
 150271  -56.813  25.794  40.360  1.89 330.67 
 150272  -56.788  25.794  40.397  1.89 330.55 
 150273  -56.763  25.794  40.434  1.89 330.43 
 150274  -56.738  25.794  40.470  1.89 330.31 
 150275  -56.713  25.794  40.507  1.91 329.57 
 150276  -56.688  25.794  40.544  1.90 329.43 
 150277  -56.663  25.794  40.580  1.90 329.29 
 150278  -56.638  25.794  40.617  1.90 329.15 
 150279  -56.613  25.794  40.653  1.90 329.02 
 150280  -56.588  25.794  40.690  1.90 328.87 
 150281  -56.563  25.794  40.727  1.90 328.77 
 150282  -56.538  25.794  40.763  1.90 328.67 
 150283  -56.513  25.794  40.800  1.90 328.57 
 150284  -56.488  25.794  40.837  1.89 328.46 
 150285  -56.463  25.794  40.873  1.89 328.36 
 150286  -56.438  25.794  40.910  1.89 328.26 
 150287  -56.413  25.794  40.947  1.89 328.16 
 150288  -56.388  25.794  40.983  1.89 328.08 
 150289  -56.363  25.794  41.020  1.89 328.04 
 150290  -56.338  25.794  41.056  1.89 327.99 
 150291  -56.313  25.794  41.093  1.89 327.95 
 150292  -56.288  25.794  41.130  1.89 327.91 
 150293  -56.263  25.794  41.166  1.89 327.86 
 150294  -56.238  25.794  41.203  1.89 327.82 
 150295  -56.213  25.794  41.240  1.89 327.77 
 150296  -56.188  25.794  41.276  1.89 327.73 
 150297  -56.163  25.794  41.313  1.89 327.71 
 150298  -56.138  25.794  41.350  1.89 327.69 
 150299  -56.113  25.794  41.386  1.89 327.68 
 150300  -56.088  25.794  41.423  1.88 327.66 
 150301  -56.063  25.794  41.459  1.88 327.64 
 150302  -56.038  25.794  41.496  1.88 327.62 
 150303  -56.013  25.794  41.533  1.83 325.05 
 150304  -55.988  25.794  41.569  1.83 325.01 
 150305  -55.963  25.794  41.606  1.83 324.98 
 150306  -55.938  25.794  41.643  1.83 324.94 
 150307  -55.913  25.794  41.679  1.83 324.90 
 150308  -55.888  25.794  41.716  1.83 324.87 
 150309  -55.863  25.794  41.752  1.83 324.83 
 150310  -55.838  25.794  41.789  1.83 324.79 
 150311  -55.813  25.794  41.826  1.83 324.76 
 150312  -55.788  25.794  41.862  1.83 324.71 
 150313  -55.763  25.794  41.899  1.83 324.67 
 150314  -55.738  25.794  41.935  1.83 324.63 
 150315  -55.713  25.794  41.972  1.83 324.60 
 150316  -55.688  25.794  42.008  1.83 324.56 
 150317  -55.663  25.794  42.045  1.83 324.52 
 150318  -55.638  25.794  42.081  1.83 324.48 
 150319  -55.613  25.794  42.118  1.83 324.44 
 150320  -55.588  25.794  42.155  1.83 324.39 
 150321  -55.563  25.794  42.191  1.83 324.34 
 150322  -55.538  25.794  42.228  1.83 324.29 
 150323  -55.513  25.794  42.264  1.84 324.23 
 150324  -55.488  25.794  42.301  1.84 324.18 
 150325  -55.463  25.794  42.337  1.84 324.13 
 150326  -55.438  25.794  42.374  1.84 324.07 
 150327  -55.413  25.794  42.410  1.84 324.02 
 150328  -55.388  25.794  42.447  1.84 323.90 
 150329  -55.363  25.794  42.483  1.84 323.85 
 150330  -55.338  25.794  42.520  1.85 321.11 
 150331  -55.313  25.794  42.556  1.85 321.02 
 150332  -55.288  25.794  42.593  1.85 320.94 
 150333  -55.263  25.794  42.630  1.85 320.85 
 150334  -55.238  25.794  42.666  1.85 320.77 
 150335  -55.213  25.794  42.703  1.85 320.68 
 150336  -55.188  25.794  42.739  1.85 320.61 
 150337  -55.163  25.794  42.776  1.85 320.56 
 150338  -55.138  25.794  42.812  1.85 320.51 
 150339  -55.113  25.794  42.849  1.85 320.45 
 150340  -55.088  25.794  42.885  1.84 320.40 
 150341  -55.063  25.794  42.922  1.84 320.35 
 150342  -55.038  25.794  42.958  1.84 320.30 
 150343  -55.013  25.794  42.995  1.84 320.25 
 150344  -54.988  25.794  43.031  1.84 320.20 
 150345  -54.963  25.794  43.068  1.84 320.18 
 150346  -54.938  25.794  43.104  1.84 320.16 
 150347  -54.913  25.794  43.141  1.84 320.14 
 150348  -54.888  25.794  43.177  1.84 320.12 
 150349  -54.863  25.794  43.214  1.84 320.10 
 150350  -54.838  25.794  43.251  1.84 320.08 
 150351  -54.813  25.794  43.287  1.84 320.06 
 150352  -54.788  25.794  43.324  1.84 320.03 
 150353  -54.763  25.794  43.360  1.84 320.00 
 150354  -54.738  25.794  43.397  1.84 319.97 
 150355  -54.713  25.794  43.433  1.84 319.94 
 150356  -54.688  25.794  43.470  1.84 319.91 
 150357  -54.663  25.794  43.506  1.85 318.03 
 150358  -54.638  25.794  43.543  1.85 318.00 
 150359  -54.613  25.794  43.579  1.85 317.96 
 150360  -54.588  25.794  43.616  1.85 317.91 
 150361  -54.563  25.794  43.653  1.85 317.87 
 150362  -54.538  25.794  43.689  1.85 317.83 
 150363  -54.513  25.794  43.726  1.85 317.78 
 150364  -54.488  25.794  43.762  1.85 317.74 
 150365  -54.463  25.794  43.799  1.85 317.69 
 150366  -54.438  25.794  43.835  1.85 317.65 
 150367  -54.413  25.794  43.872  1.85 317.61 
 150368  -54.388  25.794  43.908  1.85 317.58 
 150369  -54.363  25.794  43.945  1.85 317.56 
 150370  -54.338  25.794  43.982  1.85 317.54 
 150371  -54.313  25.794  44.018  1.85 317.51 
 150372  -54.288  25.794  44.055  1.86 317.49 
 150373  -54.263  25.794  44.091  1.86 317.47 
 150374  -54.238  25.794  44.128  1.86 317.45 
 150375  -54.213  25.794  44.164  1.86 317.42 
 150376  -54.188  25.794  44.201  1.86 317.41 
 150377  -54.163  25.794  44.238  1.86 317.40 
 150378  -54.138  25.794  44.274  1.86 317.39 
 150379  -54.113  25.794  44.311  1.86 317.39 
 150380  -54.088  25.794  44.347  1.85 317.38 
 150381  -54.063  25.794  44.384  1.85 317.37 
 150382  -54.038  25.794  44.420  1.85 317.36 
 150383  -54.013  25.794  44.457  1.85 317.36 
 150384  -53.988  25.794  44.494  1.85 317.37 
 150385  -53.963  25.794  44.530  1.87 316.86 
 150386  -53.938  25.794  44.567  1.87 316.88 
 150387  -53.913  25.794  44.603  1.87 316.90 
 150388  -53.888  25.794  44.640  1.87 316.93 
 150389  -53.863  25.794  44.676  1.87 316.95 
 150390  -53.838  25.794  44.713  1.87 316.97 
 150391  -53.813  25.794  44.750  1.87 316.99 
 150392  -53.788  25.794  44.786  1.87 317.04 
 150393  -53.763  25.794  44.823  1.87 317.09 
 150394  -53.738  25.794  44.859  1.87 317.15 
 150395  -53.713  25.794  44.896  1.87 317.20 
 150396  -53.688  25.794  44.932  1.86 317.26 
 150397  -53.663  25.794  44.969  1.86 317.31 
 150398  -53.638  25.794  45.005  1.86 317.37 
 150399  -53.613  25.794  45.042  1.86 317.42 
 150400  -53.588  25.794  45.079  1.86 317.49 
 150401  -53.563  25.794  45.115  1.86 317.56 
 150402  -53.538  25.794  45.152  1.86 317.62 
 150403  -53.513  25.794  45.188  1.86 317.69 
 150404  -53.488  25.794  45.225  1.85 317.75 
 150405  -53.463  25.794  45.261  1.85 317.82 
 150406  -53.438  25.794  45.298  1.85 317.88 
 150407  -53.413  25.794  45.335  1.85 317.95 
 150408  -53.388  25.794  45.371  1.85 318.01 
 150409  -53.363  25.794  45.408  1.85 318.07 
 150410  -53.338  25.794  45.444  1.84 318.13 
 150411  -53.313  25.794  45.481  1.84 318.19 
 150412  -53.288  25.794  45.517  1.86 319.35 
 150413  -53.263  25.794  45.554  1.86 319.41 
 150414  -53.238  25.794  45.590  1.86 319.47 
 150415  -53.213  25.794  45.627  1.86 319.53 
 150416  -53.188  25.794  45.663  1.86 319.57 
 150417  -53.163  25.794  45.700  1.86 319.57 
 150418  -53.138  25.794  45.737  1.85 319.58 
 150419  -53.113  25.794  45.773  1.85 319.58 
 150420  -53.088  25.794  45.809  1.85 319.59 
 150421  -53.063  25.794  45.846  1.85 319.59 
 150422  -53.038  25.794  45.882  1.84 319.60 
 150423  -53.013  25.794  45.919  1.84 319.60 
 150424  -52.988  25.794  45.955  1.84 319.60 
 150425  -52.963  25.794  45.992  1.83 319.58 
 150426  -52.938  25.794  46.028  1.83 319.56 
 150427  -52.913  25.794  46.065  1.83 319.54 
 150428  -52.888  25.794  46.101  1.82 319.52 
 150429  -52.863  25.794  46.138  1.82 319.50 
 150430  -52.838  25.794  46.174  1.82 319.48 
 150431  -52.813  25.794  46.211  1.81 319.46 
 150432  -52.788  25.794  46.247  1.81 319.45 
 150433  -52.763  25.794  46.284  1.80 319.42 
 150434  -52.738  25.794  46.320  1.80 319.40 
 150435  -52.713  25.794  46.357  1.79 319.38 
 150436  -52.688  25.794  46.393  1.79 319.36 
 150437  -52.663  25.794  46.430  1.78 319.33 
 150438  -52.638  25.794  46.466  1.78 319.31 
 150439  -52.613  25.794  46.502  1.84 319.72 
 150440  -52.588  25.794  46.539  1.84 319.65 
 150441  -52.563  25.794  46.575  1.83 319.55 
 150442  -52.538  25.794  46.612  1.83 319.45 
 150443  -52.513  25.794  46.648  1.83 319.36 
 150444  -52.488  25.794  46.684  1.82 319.26 
 150445  -52.463  25.794  46.721  1.82 319.16 
 150446  -52.438  25.794  46.757  1.82 319.06 
 150447  -52.413  25.794  46.794  1.81 318.97 
 150448  -52.388  25.794  46.830  1.81 318.88 
 150449  -52.363  25.794  46.866  1.81 318.82 
 150450  -52.338  25.794  46.903  1.81 318.75 
 150451  -52.313  25.794  46.939  1.81 318.68 
 150452  -52.288  25.794  46.975  1.80 318.61 
 150453  -52.263  25.794  47.012  1.80 318.55 
 150454  -52.238  25.794  47.048  1.80 318.48 
 150455  -52.213  25.794  47.085  1.80 318.41 
 150456  -52.188  25.794  47.121  1.80 318.38 
 150457  -52.163  25.794  47.158  1.80 318.38 
 150458  -52.138  25.794  47.194  1.80 318.39 
 150459  -52.113  25.794  47.230  1.80 318.40 
 150460  -52.088  25.794  47.267  1.79 318.40 
 150461  -52.063  25.794  47.303  1.79 318.41 
 150462  -52.038  25.794  47.340  1.79 318.41 
 150463  -52.013  25.794  47.376  1.79 318.42 
 150464  -51.988  25.794  47.413  1.79 318.43 
 150465  -51.963  25.794  47.449  1.79 318.45 
 150466  -51.938  25.794  47.486  1.79 318.46 
 150467  -51.913  25.794  47.522  1.77 318.34 
 150468  -51.888  25.794  47.558  1.76 318.32 
 150469  -51.863  25.794  47.595  1.76 318.30 
 150470  -51.838  25.794  47.631  1.76 318.29 
 150471  -51.813  25.794  47.668  1.76 318.27 
 150472  -51.788  25.794  47.704  1.76 318.26 
 150473  -51.763  25.794  47.741  1.76 318.25 
 150474  -51.738  25.794  47.777  1.76 318.25 
 150475  -51.713  25.794  47.813  1.76 318.25 
 150476  -51.688  25.794  47.850  1.76 318.24 
 150477  -51.663  25.794  47.886  1.76 318.24 
 150478  -51.638  25.794  47.923  1.76 318.23 
 150479  -51.613  25.794  47.959  1.76 318.23 
 150480  -51.588  25.794  47.995  1.76 318.22 
 150481  -51.563  25.794  48.032  1.76 318.22 
 150482  -51.538  25.794  48.068  1.76 318.21 
 150483  -51.513  25.794  48.105  1.76 318.20 
 150484  -51.488  25.794  48.141  1.76 318.19 
 150485  -51.463  25.794  48.177  1.76 318.18 
 150486  -51.438  25.794  48.214  1.76 318.17 
 150487  -51.413  25.794  48.250  1.76 318.16 
 150488  -51.388  25.794  48.287  1.76 318.15 
 150489  -51.363  25.794  48.323  1.76 318.14 
 150490  -51.338  25.794  48.359  1.76 318.12 
 150491  -51.313  25.794  48.396  1.76 318.11 
 150492  -51.288  25.794  48.432  1.76 318.10 
 150493  -51.263  25.794  48.469  1.76 318.08 
 150494  -51.238  25.794  48.505  1.78 314.52 
 150495  -51.213  25.794  48.541  1.78 314.55 
 150496  -51.188  25.794  48.578  1.78 314.55 
 150497  -51.163  25.794  48.614  1.78 314.52 
 150498  -51.138  25.794  48.651  1.78 314.50 
 150499  -51.113  25.794  48.687  1.78 314.48 
 150500  -51.088  25.794  48.723  1.78 314.45 
 150501  -51.063  25.794  48.760  1.78 314.43 
 150502  -51.038  25.794  48.796  1.78 314.41 
 150503  -51.013  25.794  48.833  1.78 314.38 
 150504  -50.988  25.794  48.869  1.78 314.38 
 150505  -50.963  25.794  48.905  1.78 314.38 
 150506  -50.938  25.794  48.942  1.78 314.37 
 150507  -50.913  25.794  48.978  1.78 314.37 
 150508  -50.888  25.794  49.014  1.78 314.36 
 150509  -50.863  25.794  49.050  1.78 314.36 
 150510  -50.838  25.794  49.085  1.78 314.35 
 150511  -50.813  25.794  49.121  1.78 314.35 
 150512  -50.788  25.794  49.157  1.78 314.34 
 150513  -50.763  25.794  49.192  1.78 314.33 
 150514  -50.738  25.794  49.228  1.78 314.31 
 150515  -50.713  25.794  49.264  1.78 314.30 
 150516  -50.688  25.794  49.299  1.78 314.29 
 150517  -50.663  25.794  49.335  1.78 314.28 
 150518  -50.638  25.794  49.370  1.78 314.26 
 150519  -50.613  25.794  49.406  1.78 314.25 
 150520  -50.588  25.794  49.442  1.78 314.29 
 150521  -50.563  25.794  49.477  1.78 314.38 
 150522  -50.538  25.794  49.513  1.71 314.59 
 150523  -50.513  25.794  49.549  1.71 314.59 
 150524  -50.488  25.794  49.584  1.71 314.58 
 150525  -50.463  25.794  49.620  1.71 314.58 
 150526  -50.438  25.794  49.655  1.71 314.57 
 150527  -50.413  25.794  49.691  1.71 314.57 
 150528  -50.388  25.794  49.727  1.71 314.58 
 150529  -50.363  25.794  49.762  1.71 314.57 
 150530  -50.338  25.794  49.798  1.71 314.56 
 150531  -50.313  25.794  49.834  1.71 314.55 
 150532  -50.288  25.794  49.869  1.71 314.55 
 150533  -50.263  25.794  49.905  1.71 314.54 
 150534  -50.238  25.794  49.940  1.71 314.53 
 150535  -50.213  25.794  49.976  1.71 314.52 
 150536  -50.188  25.794  50.012  1.71 314.52 
 150537  -50.163  25.794  50.047  1.71 314.53 
 150538  -50.138  25.794  50.083  1.71 314.53 
 150539  -50.113  25.794  50.118  1.71 314.53 
 150540  -50.088  25.794  50.154  1.70 314.54 
 150541  -50.063  25.794  50.190  1.70 314.54 
 150542  -50.038  25.794  50.225  1.70 314.54 
 150543  -50.013  25.794  50.261  1.70 314.55 
 150544  -49.988  25.794  50.296  1.70 314.55 
 150545  -49.963  25.794  50.332  1.70 314.55 
 150546  -49.938  25.794  50.367  1.70 314.56 
 150547  -49.913  25.794  50.403  1.70 314.56 
 150548  -49.888  25.794  50.438  1.69 314.57 
 150549  -49.863  25.794  50.474  1.69 314.57 
 150550  -49.838  25.794  50.509  1.70 314.56 
 150551  -49.813  25.794  50.545  1.70 314.57 
 150552  -49.788  25.794  50.581  1.70 314.58 
 150553  -49.763  25.794  50.616  1.70 314.58 
 150554  -49.738  25.794  50.652  1.70 314.59 
 150555  -49.713  25.794  50.687  1.70 314.59 
 150556  -49.688  25.794  50.723  1.71 314.60 
 150557  -49.663  25.794  50.758  1.71 314.61 
 150558  -49.638  25.794  50.794  1.71 314.61 
 150559  -49.613  25.794  50.829  1.71 314.62 
 150560  -49.588  25.794  50.865  1.71 314.62 
 150561  -49.563  25.794  50.900  1.71 314.61 
 150562  -49.538  25.794  50.936  1.71 314.60 
 150563  -49.513  25.794  50.972  1.71 314.59 
 150564  -49.488  25.794  51.007  1.71 314.58 
 150565  -49.463  25.794  51.043  1.71 314.57 
 150566  -49.438  25.794  51.078  1.71 314.56 
 150567  -49.413  25.794  51.114  1.71 314.55 
 150568  -49.388  25.794  51.149  1.71 314.54 
 150569  -49.363  25.794  51.185  1.71 314.52 
 150570  -49.338  25.794  51.220  1.71 314.50 
 150571  -49.313  25.794  51.256  1.71 314.47 
 150572  -49.288  25.794  51.292  1.71 314.45 
 150573  -49.263  25.794  51.327  1.71 314.43 
 150574  -49.238  25.794  51.363  1.71 314.41 
 150575  -49.213  25.794  51.398  1.71 314.39 
 150576  -49.188  25.794  51.434  1.71 314.39 
 150577  -49.163  25.794  51.469  1.71 314.39 
 150578  -49.138  25.794  51.505  1.71 315.39 
 150579  -49.113  25.794  51.541  1.71 315.37 
 150580  -49.088  25.794  51.576  1.72 315.35 
 150581  -49.063  25.794  51.612  1.72 315.33 
 150582  -49.038  25.794  51.647  1.72 315.30 
 150583  -49.013  25.794  51.683  1.72 315.28 
 150584  -48.988  25.794  51.718  1.72 315.27 
 150585  -48.963  25.794  51.754  1.72 315.28 
 150586  -48.938  25.794  51.789  1.72 315.29 
 150587  -48.913  25.794  51.825  1.72 315.30 
 150588  -48.888  25.794  51.861  1.73 315.31 
 150589  -48.863  25.794  51.896  1.73 315.32 
 150590  -48.838  25.794  51.932  1.73 315.33 
 150591  -48.813  25.794  51.967  1.73 315.34 
 150592  -48.788  25.794  52.003  1.73 315.34 
 150593  -48.763  25.794  52.039  1.73 315.34 
 150594  -48.738  25.794  52.076  1.73 315.34 
 150595  -48.713  25.794  52.112  1.73 315.34 
 150596  -48.688  25.794  52.148  1.74 315.34 
 150597  -48.663  25.794  52.185  1.74 315.34 
 150598  -48.638  25.794  52.221  1.74 315.34 
 150599  -48.613  25.794  52.257  1.74 315.34 
 150600  -48.588  25.794  52.294  1.74 315.32 
 150601  -48.563  25.794  52.330  1.74 315.26 
 150602  -48.538  25.794  52.367  1.74 315.21 
 150603  -48.513  25.794  52.403  1.74 315.15 
 150604  -48.488  25.794  52.439  1.75 315.09 
 150605  -48.463  25.794  52.476  1.75 315.03 
 150606  -48.438  25.794  52.511  1.74 317.34 
 150607  -48.413  25.794  52.547  1.74 317.32 
 150608  -48.388  25.794  52.582  1.74 317.29 
 150609  -48.363  25.794  52.618  1.74 317.28 
 150610  -48.338  25.794  52.654  1.75 317.27 
 150611  -48.313  25.794  52.689  1.75 317.26 
 150612  -48.288  25.794  52.725  1.75 317.24 
 150613  -48.263  25.794  52.760  1.75 317.23 
 150614  -48.238  25.794  52.796  1.76 317.22 
 150615  -48.213  25.794  52.832  1.76 317.21 
 150616  -48.188  25.794  52.867  1.76 317.19 
 150617  -48.163  25.794  52.903  1.76 317.21 
 150618  -48.138  25.794  52.938  1.76 317.22 
 150619  -48.113  25.794  52.974  1.76 317.24 
 150620  -48.088  25.794  53.010  1.77 317.25 
 150621  -48.063  25.794  53.046  1.77 317.27 
 150622  -48.038  25.794  53.083  1.77 317.28 
 150623  -48.013  25.794  53.119  1.77 317.30 
 147316  -47.913  25.769  53.267  1.77 317.49 
 144009  -47.813  25.744  53.415  1.78 317.55 
 140702  -47.713  25.719  53.563  1.86 320.29 
 137395  -47.613  25.694  53.711  1.87 320.06 
 134088  -47.513  25.669  53.859  1.88 319.83 
 130781  -47.413  25.644  54.007  1.88 319.66 
 127474  -47.313  25.619  54.155  1.89 319.41 
 124167  -47.213  25.594  54.304  1.90 319.07 
 120860  -47.113  25.569  54.453  1.90 318.72 
 117553  -47.013  25.544  54.601  1.80 322.80 
 114246  -46.913  25.519  54.750  1.80 322.39 
 110939  -46.813  25.494  54.899  1.81 321.93 
 107632  -46.713  25.469  55.047  1.81 321.55 
 104325  -46.613  25.444  55.196  1.82 321.22 
 101018  -46.513  25.419  55.344  1.82 321.01 
  97711  -46.413  25.394  55.493  1.82 320.81 
  94404  -46.313  25.369  55.641  1.72 327.71 
  91097  -46.213  25.344  55.790  1.72 327.62 
  87790  -46.113  25.319  55.938  1.73 327.63 
  84483  -46.013  25.294  56.087  1.74 327.51 
  81176  -45.913  25.269  56.235  1.75 327.56 
  77869  -45.813  25.244  56.384  1.76 327.62 
  74562  -45.713  25.219  56.532  1.68 333.15 
  71255  -45.613  25.194  56.681  1.69 335.37 
  67948  -45.513  25.169  56.829  1.69 337.44 
  64641  -45.413  25.144  56.978  1.70 339.46 
  64642  -45.388  25.144  57.014  1.70 339.77 
  64643  -45.363  25.144  57.051  1.70 339.90 
  64644  -45.338  25.144  57.087  1.70 340.02 
  64645  -45.313  25.144  57.124  1.70 340.15 
  64646  -45.288  25.144  57.160  1.70 340.27 
  64647  -45.263  25.144  57.197  1.70 340.40 
  64648  -45.238  25.144  57.233  1.70 340.50 
  64649  -45.213  25.144  57.270  1.70 340.58 
  64650  -45.188  25.144  57.306  1.70 340.65 
  64651  -45.163  25.144  57.343  1.70 340.70 
  64652  -45.138  25.144  57.379  1.70 340.75 
  64653  -45.113  25.144  57.416  1.70 340.80 
  64654  -45.088  25.144  57.452  1.70 340.85 
  64655  -45.063  25.144  57.489  1.70 340.90 
  64656  -45.038  25.144  57.525  1.63 347.78 
  64657  -45.013  25.144  57.561  1.63 348.03 
  64658  -44.988  25.144  57.598  1.63 348.27 
  64659  -44.963  25.144  57.634  1.63 348.50 
  64660  -44.938  25.144  57.671  1.63 348.70 
  64661  -44.913  25.144  57.707  1.63 348.82 
  64662  -44.888  25.144  57.744  1.63 348.94 
  64663  -44.863  25.144  57.780  1.63 349.06 
  64664  -44.838  25.144  57.817  1.63 349.17 
  64665  -44.813  25.144  57.853  1.63 349.29 
  64666  -44.788  25.144  57.890  1.63 349.43 
  64667  -44.763  25.144  57.926  1.63 349.60 
  64668  -44.738  25.144  57.963  1.63 349.74 
  64669  -44.713  25.144  57.999  1.63 349.81 
  64670  -44.688  25.144  58.036  1.63 349.88 
  64671  -44.663  25.144  58.072  1.63 349.95 
  64672  -44.638  25.144  58.108  1.63 350.02 
  64673  -44.613  25.144  58.145  1.63 350.09 
  64674  -44.588  25.144  58.181  1.63 350.15 
  64675  -44.563  25.144  58.218  1.63 350.20 
  64676  -44.538  25.144  58.254  1.63 350.24 
  64677  -44.513  25.144  58.290  1.63 350.29 
  64678  -44.488  25.144  58.327  1.63 350.33 
  64679  -44.463  25.144  58.363  1.63 350.38 
  64680  -44.438  25.144  58.399  1.63 350.45 
  64681  -44.413  25.144  58.436  1.63 350.53 
  64682  -44.388  25.144  58.472  1.64 350.60 
  64683  -44.363  25.144  58.508  1.56 358.34 
  64684  -44.338  25.144  58.545  1.56 358.27 
  64685  -44.313  25.144  58.581  1.56 358.14 
  64686  -44.288  25.144  58.618  1.56 358.00 
  64687  -44.263  25.144  58.654  1.57 357.87 
  64688  -44.238  25.144  58.690  1.57 357.74 
  64689  -44.213  25.144  58.727  1.57 357.61 
  64690  -44.188  25.144  58.763  1.57 357.50 
  64691  -44.163  25.144  58.799  1.57 357.44 
  64692  -44.138  25.144  58.836  1.57 357.37 
  64693  -44.113  25.144  58.872  1.57 357.30 
  64694  -44.088  25.144  58.909  1.57 357.23 
  64695  -44.063  25.144  58.945  1.57 357.17 
  64696  -44.038  25.144  58.981  1.57 357.10 
  64697  -44.013  25.144  59.018  1.57 357.03 
  64698  -43.988  25.144  59.054  1.58 356.99 
  64699  -43.963  25.144  59.090  1.58 356.96 
  64700  -43.938  25.144  59.126  1.58 356.93 
  64701  -43.913  25.144  59.163  1.58 356.90 
  64702  -43.888  25.144  59.199  1.58 356.87 
  64703  -43.863  25.144  59.235  1.58 356.84 
  64704  -43.838  25.144  59.272  1.58 356.81 
  64705  -43.813  25.144  59.308  1.58 356.78 
  64706  -43.788  25.144  59.344  1.58 356.73 
  64707  -43.763  25.144  59.380  1.58 356.65 
  64708  -43.738  25.144  59.417  1.58 356.58 
  64709  -43.713  25.144  59.453  1.58 356.50 
  64710  -43.688  25.144  59.489  1.58 356.42 
  64711  -43.663  25.144  59.525  1.50   1.32 
  64712  -43.638  25.144  59.562  1.50   1.07 
  64713  -43.613  25.144  59.598  1.50   0.82 
  64714  -43.588  25.144  59.634  1.50   0.57 
  64715  -43.563  25.144  59.670  1.50   0.33 
  64716  -43.538  25.144  59.707  1.50   0.09 
  64717  -43.513  25.144  59.743  1.50 359.85 
  64718  -43.488  25.144  59.779  1.50 359.60 
  64719  -43.463  25.144  59.816  1.50 359.36 
  64720  -43.438  25.144  59.852  1.50 359.15 
  64721  -43.413  25.144  59.888  1.50 358.94 
  64722  -43.388  25.144  59.924  1.50 358.74 
  64723  -43.363  25.144  59.961  1.50 358.54 
  64724  -43.338  25.144  59.997  1.51 358.34 
  64725  -43.313  25.144  60.033  1.51 358.10 
  64726  -43.288  25.144  60.069  1.51 357.86 
  64727  -43.263  25.144  60.105  1.51 357.62 
  64728  -43.238  25.144  60.142  1.51 357.38 
  64729  -43.213  25.144  60.178  1.51 357.15 
  64730  -43.188  25.144  60.214  1.51 356.90 
  64731  -43.163  25.144  60.250  1.51 356.65 
  64732  -43.138  25.144  60.286  1.51 356.40 
  64733  -43.113  25.144  60.322  1.51 356.15 
  64734  -43.088  25.144  60.359  1.51 355.90 
  64735  -43.063  25.144  60.395  1.51 355.65 
  64736  -43.038  25.144  60.431  1.51 355.44 
  64737  -43.013  25.144  60.467  1.51 355.26 
  64738  -42.988  25.144  60.503  1.46   2.46 
  64739  -42.963  25.144  60.539  1.46   2.44 
  64740  -42.938  25.144  60.576  1.47   2.42 
  64741  -42.913  25.144  60.612  1.47   2.39 
  64742  -42.888  25.144  60.648  1.47   2.36 
  64743  -42.863  25.144  60.684  1.47   2.34 
  64744  -42.838  25.144  60.720  1.47   2.31 
  64745  -42.813  25.144  60.756  1.47   2.29 
  64746  -42.788  25.144  60.793  1.47   2.33 
  64747  -42.763  25.144  60.829  1.47   2.44 
  64748  -42.738  25.144  60.865  1.48   2.55 
  64749  -42.713  25.144  60.901  1.48   2.64 
  64750  -42.688  25.144  60.937  1.48   2.73 
  64751  -42.663  25.144  60.973  1.48   2.82 
  64752  -42.638  25.144  61.010  1.48   2.91 
  64753  -42.613  25.144  61.046  1.48   2.99 
  64754  -42.588  25.144  61.082  1.48   3.15 
  64755  -42.563  25.144  61.118  1.48   3.36 
  64756  -42.538  25.144  61.154  1.49   3.57 
  64757  -42.513  25.144  61.190  1.49   3.76 
  64758  -42.488  25.144  61.226  1.49   3.94 
  64759  -42.463  25.144  61.263  1.49   4.13 
  64760  -42.438  25.144  61.299  1.49   4.31 
  64761  -42.413  25.144  61.335  1.49   4.50 
  64762  -42.388  25.144  61.371  1.49   4.71 
  64763  -42.363  25.144  61.407  1.50   4.96 
  64764  -42.338  25.144  61.443  1.50   5.21 
  64765  -42.313  25.144  61.479  1.50   5.51 
  64766  -42.288  25.144  61.516  1.45  22.65 
  64767  -42.263  25.144  61.552  1.45  22.47 
  64768  -42.238  25.144  61.588  1.45  22.30 
  64769  -42.213  25.144  61.624  1.45  22.12 
  64770  -42.188  25.144  61.660  1.44  22.08 
  64771  -42.163  25.144  61.696  1.44  22.18 
  64772  -42.138  25.144  61.732  1.44  22.28 
  64773  -42.113  25.144  61.769  1.44  22.38 
  64774  -42.088  25.144  61.805  1.44  22.47 
  64775  -42.063  25.144  61.841  1.44  22.57 
  64776  -42.038  25.144  61.877  1.44  22.57 
  64777  -42.013  25.144  61.913  1.44  22.53 
  64778  -41.988  25.144  61.949  1.43  22.69 
  64779  -41.963  25.144  61.986  1.43  23.04 
  64780  -41.938  25.144  62.022  1.43  23.40 
  64781  -41.913  25.144  62.058  1.43  23.76 
  64782  -41.888  25.144  62.094  1.42  24.11 
  64783  -41.863  25.144  62.130  1.42  24.47 
  64784  -41.838  25.144  62.166  1.42  24.56 
  64785  -41.813  25.144  62.202  1.42  24.56 
  64786  -41.788  25.144  62.238  1.42  24.59 
  64787  -41.763  25.144  62.274  1.41  24.68 
  64788  -41.738  25.144  62.310  1.41  24.82 
  64789  -41.713  25.144  62.346  1.41  25.08 
  64790  -41.688  25.144  62.382  1.41  25.34 
  64791  -41.663  25.144  62.418  1.41  25.61 
  64792  -41.638  25.144  62.454  1.41  25.87 
  64793  -41.613  25.144  62.490  1.41  26.13 
  64794  -41.588  25.144  62.526  1.38  36.01 
  64795  -41.563  25.144  62.562  1.38  36.45 
  64796  -41.538  25.144  62.598  1.38  36.89 
  64797  -41.513  25.144  62.634  1.38  37.33 
  64798  -41.488  25.144  62.670  1.38  37.77 
  64799  -41.463  25.144  62.706  1.38  38.21 
  64800  -41.438  25.144  62.742  1.38  38.61 
  64801  -41.413  25.144  62.778  1.38  38.99 
  64802  -41.388  25.144  62.814  1.38  39.38 
  64803  -41.363  25.144  62.850  1.38  39.75 
  64804  -41.338  25.144  62.886  1.38  40.11 
  64805  -41.313  25.144  62.922  1.38  40.42 
  64806  -41.288  25.144  62.958  1.38  40.73 
  64807  -41.263  25.144  62.994  1.38  41.04 
  64808  -41.238  25.144  63.030  1.38  41.35 
  64809  -41.213  25.144  63.066  1.38  41.67 
  64810  -41.188  25.144  63.102  1.37  42.03 
  64811  -41.163  25.144  63.138  1.37  42.47 
  64812  -41.138  25.144  63.174  1.37  42.83 
  64813  -41.113  25.144  63.210  1.37  43.01 
  64814  -41.088  25.144  63.246  1.37  43.19 
  64815  -41.063  25.144  63.282  1.37  43.36 
  64816  -41.038  25.144  63.318  1.37  43.54 
  64817  -41.013  25.144  63.354  1.37  43.72 
  64818  -40.988  25.144  63.390  1.37  43.81 
  64819  -40.963  25.144  63.426  1.37  43.80 
  64820  -40.938  25.144  63.462  1.37  43.80 
  64821  -40.913  25.144  63.498  1.37  43.79 
  64822  -40.888  25.144  63.533  1.38  55.23 
  64823  -40.863  25.144  63.569  1.38  55.30 
  64824  -40.838  25.144  63.605  1.38  55.43 
  64825  -40.813  25.144  63.641  1.38  55.58 
  64826  -40.788  25.144  63.677  1.38  55.61 
  64827  -40.763  25.144  63.713  1.38  55.49 
  64828  -40.738  25.144  63.749  1.39  55.37 
  64829  -40.713  25.144  63.785  1.39  55.26 
  64830  -40.688  25.144  63.821  1.39  55.14 
  64831  -40.663  25.144  63.857  1.39  55.02 
  64832  -40.638  25.144  63.893  1.39  55.08 
  64833  -40.613  25.144  63.929  1.39  55.20 
  64834  -40.588  25.144  63.965  1.39  55.25 
  64835  -40.563  25.144  64.001  1.39  55.21 
  61528  -40.463  25.119  64.150  1.40  55.54 
  58221  -40.363  25.094  64.300  1.40  55.77 
  54914  -40.263  25.069  64.449  1.41  56.04 
  51607  -40.163  25.044  64.599  1.42  63.02 
  48300  -40.063  25.019  64.749  1.43  63.07 
  44993  -39.963  24.994  64.898  1.43  63.07 
  41686  -39.863  24.969  65.049  1.44  62.88 
  41687  -39.838  24.969  65.086  1.44  62.80 
  41688  -39.813  24.969  65.122  1.44  62.70 
  41689  -39.788  24.969  65.159  1.44  62.61 
  41690  -39.763  24.969  65.196  1.44  62.52 
  41691  -39.738  24.969  65.232  1.44  62.44 
  41692  -39.713  24.969  65.269  1.44  62.36 
  41693  -39.688  24.969  65.306  1.44  62.28 
  41694  -39.663  24.969  65.342  1.44  62.20 
  41695  -39.638  24.969  65.379  1.44  62.12 
  41696  -39.613  24.969  65.415  1.44  62.04 
  41697  -39.588  24.969  65.452  1.44  61.94 
  41698  -39.563  24.969  65.489  1.44  61.84 
  41699  -39.538  24.969  65.525  1.47  66.22 
  41700  -39.513  24.969  65.562  1.48  66.27 
  41701  -39.488  24.969  65.599  1.48  66.32 
  41702  -39.463  24.969  65.635  1.48  66.37 
  38394  -39.388  24.944  65.751  1.48  66.68 
  35086  -39.313  24.919  65.867  1.50  67.01 
  31778  -39.238  24.894  65.982  1.51  67.39 
  31779  -39.213  24.894  66.019  1.51  67.47 
  31780  -39.188  24.894  66.056  1.51  67.55 
  31781  -39.163  24.894  66.093  1.51  67.62 
  28474  -39.063  24.869  66.246  1.52  68.05 
  25167  -38.963  24.844  66.399  1.53  68.39 
  21860  -38.863  24.819  66.552  1.54  73.13 
  18553  -38.763  24.794  66.705  1.54  73.06 
  15246  -38.663  24.769  66.858  1.55  72.84 
  11939  -38.563  24.744  67.012  1.55  72.58 
   8632  -38.463  24.719  67.165  1.56  72.26 
