  nnod     Lon    Lat      Cost    hs      dir   
  60979    0.126  39.917   0.000  0.49 137.02 
  59940    0.143  39.850   0.114  0.50 136.49 
  58901    0.160  39.783   0.229  0.50 135.69 
  58641    0.160  39.767   0.257  0.50 135.42 
  58381    0.160  39.750   0.285  0.50 135.13 
  58121    0.160  39.733   0.313  0.50 134.84 
  57861    0.160  39.717   0.341  0.50 134.54 
  57601    0.160  39.700   0.369  0.51 134.23 
  57341    0.160  39.683   0.397  0.51 133.92 
  57081    0.160  39.667   0.425  0.51 133.60 
  56821    0.160  39.650   0.453  0.51 133.28 
  56561    0.160  39.633   0.481  0.51 132.95 
  56301    0.160  39.617   0.509  0.50 131.76 
  56041    0.160  39.600   0.537  0.50 131.43 
  55781    0.160  39.583   0.565  0.50 131.10 
  55521    0.160  39.567   0.593  0.51 130.78 
  55261    0.160  39.550   0.621  0.51 130.45 
  55001    0.160  39.533   0.649  0.51 130.13 
  54741    0.160  39.517   0.677  0.51 129.81 
  54481    0.160  39.500   0.705  0.52 129.51 
  54221    0.160  39.483   0.733  0.52 129.19 
  53961    0.160  39.467   0.761  0.52 128.87 
  53701    0.160  39.450   0.789  0.53 128.57 
  53441    0.160  39.433   0.817  0.53 128.25 
  53181    0.160  39.417   0.845  0.54 127.94 
  52921    0.160  39.400   0.873  0.54 127.63 
  52661    0.160  39.383   0.902  0.54 127.32 
  52401    0.160  39.367   0.930  0.55 127.02 
  52141    0.160  39.350   0.958  0.55 126.71 
  51881    0.160  39.333   0.986  0.56 126.41 
  51621    0.160  39.317   1.014  0.56 126.12 
  51361    0.160  39.300   1.042  0.57 125.84 
  51101    0.160  39.283   1.070  0.58 125.57 
  50841    0.160  39.267   1.098  0.58 125.30 
  50581    0.160  39.250   1.126  0.59 125.04 
  50321    0.160  39.233   1.154  0.59 124.78 
  49282    0.176  39.167   1.268  0.62 123.84 
  48243    0.193  39.100   1.383  0.65 122.75 
  47204    0.210  39.033   1.497  0.68 121.78 
  46944    0.210  39.017   1.525  0.68 121.86 
  46684    0.210  39.000   1.554  0.69 121.55 
  46424    0.210  38.983   1.582  0.70 121.24 
  46164    0.210  38.967   1.610  0.70 120.93 
  45125    0.226  38.900   1.724  0.72 120.09 
  44086    0.243  38.833   1.839  0.71 118.73 
  43826    0.243  38.817   1.867  0.72 118.37 
  42787    0.260  38.750   1.982  0.75 117.31 
  41744    0.210  38.683   2.113  0.77 115.94 
  40962    0.176  38.633   2.208  0.78 115.31 
  40180    0.143  38.583   2.303  0.78 114.85 
  39398    0.110  38.533   2.398  0.78 113.86 
  38616    0.076  38.483   2.494  0.78 112.40 
  37834    0.043  38.433   2.589  0.77 111.18 
  37052    0.010  38.383   2.684  0.78 109.82 
  36270   -0.024  38.333   2.780  0.79 108.60 
  35488   -0.057  38.283   2.875  0.80 107.46 
  34967   -0.074  38.250   2.936  0.80 106.74 
  34446   -0.090  38.217   2.996  0.81 106.02 
  33925   -0.107  38.183   3.057  0.81 105.28 
  33404   -0.124  38.150   3.118  0.81 104.52 
  32883   -0.140  38.117   3.178  0.81 103.79 
  32362   -0.157  38.083   3.239  0.81 103.09 
  31841   -0.174  38.050   3.299  0.82 102.43 
  31320   -0.190  38.017   3.360  0.82 101.79 
